0.093194	-2.3036	-2.761	-1.665	-3.0147	-4.0411	-1.5191	0.27605	-0.91139	-1.7613	-1.3487	-2.224	-1.7703	-1.2412	-3.9654	-5.5483	-2.7347	-2.298	-2.4174	-2.7095	-0.46743	-1.6003	-3.3952	-0.78506	-1.2061	-1.3856	-4.873	-4.8515	-6.0387	-11.793
-2.885	-1.3967	-0.44125	-1.532	-1.2095	-4.9957	-3.8834	-0.072053	-1.6173	-2.5187	-3.3312	-5.104	-2.0753	-4.2103	-3.6034	-6.8122	-2.3318	-3.1004	-1.675	-2.3429	-1.6873	-2.1833	-3.7	-2.2516	-2.0775	-2.0839	-3.782	-3.3559	-4.1056	-7.1289
-2.7179	-3.7531	-3.1307	-3.9849	-3.1893	-4.2288	-3.6076	-3.0668	-3.3075	-3.2995	-3.2108	-5.7351	0.37036	-3.6739	-2.2313	-5.8695	-0.69149	-1.498	-1.2524	-2.4883	-2.2894	-1.686	-5.0932	-1.9029	-2.2187	-2.145	-5.4664	-6.4192	-5.8472	-10.537
-3.8454	-5.1731	-3.4619	-2.6501	-2.3091	-6.0438	-5.0509	-4.1025	-3.8303	-4.8339	-2.9181	-5.2871	0.42909	-2.3651	-2.8347	-6.923	-2.5728	-1.4426	-2.1468	-3.0107	-3.692	-1.4269	-6.5467	-2.4776	-2.8215	-2.3134	-6.1243	-3.9769	-8.3017	-7.0446
-0.57714	-3.5101	-2.1171	-2.2558	-0.26049	-1.2874	-1.2463	-1.6692	-1.8931	-0.83561	-3.3359	-4.5936	-2.0177	-3.8968	-3.7857	-3.8342	-2.6805	-3.0088	-2.7637	-2.1012	-2.6855	-2.2964	-4.8476	-1.6764	-2.4131	-2.3448	-4.5105	-6.035	-5.8892	-9.3508
-1.6646	-2.4329	-4.0991	-3.3173	-2.8942	-5.0746	-3.1917	-2.0836	-1.467	-2.27	-1.1491	-0.96656	0.80624	-0.33472	0.56524	-2.1187	-0.82912	-0.31155	-1.2145	-3.2575	-2.4417	-3.1712	-4.1983	-3.0541	-2.1838	-2.0314	-6.4991	-4.518	-6.1116	-10.163
-1.7207	-2.2919	-2.1601	-1.7395	-2.4732	-3.4556	-2.031	-1.8449	-1.3128	-2.4428	-2.4704	-3.6541	-0.9423	-1.3222	-1.026	-2.1118	-3.3194	-1.8489	0.22399	-1.9667	-2.3194	-0.65632	-6.999	-2.0433	-3.5796	-0.45451	-3.1721	-4.3322	-4.108	-4.5069
-1.3157	-2.9787	-1.5587	-1.7637	-2.7032	-5.0976	-1.0834	-2.4348	-1.6163	-2.4997	-1.3026	-3.3268	-2.9566	-1.8524	-3.6661	-5.0711	-1.4659	-2.5556	-2.8624	-3.5536	-2.081	-0.13747	-3.5921	-2.2268	-2.1315	-1.4795	-5.2059	-3.5251	-3.1357	-4.8847
-2.5924	-5.415	-2.5518	-3.1118	-3.3393	-3.9704	-2.7956	-1.5877	-2.619	-2.9555	-3.6935	-2.6117	-2.8877	-2.7926	-3.202	-4.7759	-3.3662	-2.6561	-3.0672	-3.7534	-2.3214	-2.4014	-3.5696	-3.14	-3.7143	-2.4307	-5.3961	-6.2614	-3.3454	-11.539
-3.8685	-2.6238	-3.3057	-3.0052	-3.2282	-6.6568	-4.321	-2.6881	-3.1584	-2.9001	-2.9843	-3.2001	-2.5247	-3.7865	-2.3508	-2.2051	-3.4189	-1.679	-1.9671	-3.1704	-3.9082	-1.9313	-8.4567	-3.0226	-4.198	-3.0837	-4.53	-4.7832	-4.5928	-8.7309
-1.5008	-2.478	-2.2241	-1.9509	-2.7967	-2.6488	-0.47217	-0.87716	-1.6142	-1.3021	-1.8709	-2.4967	-1.0489	-1.7574	-0.9916	-4.1991	-1.1144	-0.62652	-0.18348	-2.0426	-0.94277	-1.0474	-3.6921	-1.2294	-1.556	-1.5468	-1.5059	-2.1255	-5.0362	-4.9182
-2.4815	-4.5121	-1.8405	-2.4838	-1.2955	-5.5194	-2.8346	-1.2403	-2.5487	-2.822	-2.3918	-2.5847	-0.54245	-0.36117	-1.3006	-3.8105	-3.9341	-1.3541	-2.3034	-0.48031	-1.8061	-1.1407	-4.0788	-1.5009	-3.2328	0.20518	-4.0084	-7.7735	-7.1543	-9.3113
-1.8239	-3.1322	-2.4562	-3.1897	-2.9583	-4.643	-2.5816	-1.7734	-2.3177	-2.1902	-2.1539	-2.3545	-2.4527	-2.7558	-3.1827	-4.8663	-1.9619	-2.1432	-3.0035	-3.2134	-1.6366	-1.436	-4.7981	-2.9438	-2.3553	-2.2097	-4.8002	-4.5113	-4.8655	-7.1521
-1.7496	-5.1769	-2.8577	-2.4315	-2.529	-3.5297	-3.2274	-1.9204	-2.7407	-3.2478	-2.2176	-3.2995	-0.54995	-1.8426	-3.34	-4.1981	-0.94442	-3.0442	-2.16	-4.1998	-2.6667	-2.0494	-5.9129	-1.851	-3.1639	-1.7747	-4.4829	-6.8776	-6.6109	-9.6453
-3.9397	-3.5522	-2.4893	-2.0107	-2.1519	-3.8053	-4.8705	-0.40449	-2.5158	-3.4313	-0.09276	-1.5532	-1.8517	-0.28234	-1.2543	-3.5166	0.69441	-1.0447	-2.0618	-2.9987	-2.0861	-0.4775	-1.797	-2.1948	-2.2195	-1.1904	-2.5069	-6.5388	-7.3863	-9.4322
-3.2558	-2.5469	-3.3044	-3.1468	-4.0628	-5.7117	-3.1435	-1.3307	-1.8118	-3.9533	-2.7716	-4.1526	-1.5453	-2.4947	-2.5807	-5.4319	-2.8996	-2.596	-3.1668	-2.4152	-3.2841	-2.8455	-6.8084	-2.304	-4.1789	-3.7243	-6.8762	-4.6049	-3.0364	-8.2184
-1.15	-1.5465	-0.68578	-0.14438	-1.4158	-0.95228	-0.89658	-2.0607	-1.3013	-0.64808	-0.029392	-1.629	-0.26265	0.096184	-1.494	-4.3474	-1.7952	-1.6526	-0.90073	-1.7204	-2.6269	-2.139	-5.1494	-2.4207	-1.9372	-0.72012	-5.7778	-3.7739	-3.6711	-4.4962
-3.1136	-3.5199	-3.8271	-0.96358	-2.5722	-3.6233	-2.9114	-3.4512	-1.4755	-2.5617	-1.707	-2.4831	-0.29646	-0.20163	-1.7247	-4.2599	-0.40238	-0.1234	-2.3433	-2.2289	-3.1142	-1.7716	-1.9455	-0.89447	-1.3116	-2.5948	-5.2367	-5.5426	-5.6695	-7.78
0.091271	-1.557	-1.2843	-0.44467	-0.6416	-3.72	-1.7597	-1.5755	-1.7519	-1.727	-1.9257	-1.8985	-0.12957	-0.50055	-2.7669	-4.4665	-0.019853	-1.3848	-1.2952	-0.31296	-2.0775	-0.93787	-3.747	-1.7326	-2.3031	-1.437	-4.1703	-3.9746	-3.7988	-4.7722
-0.097907	-3.7259	-2.9472	-1.6236	-1.7351	-2.1964	-1.1324	-3.5156	-1.2433	-1.373	-2.2908	-3.4292	-2.0044	-2.3947	-3.3695	-3.7897	-3.231	-2.6094	-1.1048	-1.1559	-1.5709	-1.5786	-2.994	-0.66746	-0.93395	0.076865	-2.8871	-8.1149	-10.478	-11.261
-0.8653	-1.7833	-3.279	-3.753	-0.87691	-5.6568	-2.0006	-2.3886	-2.1501	-3.099	-1.5424	-2.7762	-2.8015	-2.2092	-3.1768	-6.96	-1.6303	-2.0594	-4.8843	-3.3544	-2.4743	-1.9741	-3.3783	-1.8272	-3.0506	-1.6525	-6.4851	-6.6419	-5.104	-7.3242
-0.99922	-2.3532	-1.3396	-1.5196	-0.34933	-1.508	-1.0873	-0.24847	-0.2385	-0.16981	-2.9307	-3.5959	-0.036975	-1.6004	-1.4594	-4.5162	-1.8342	-0.35972	-1.7678	-2.6302	-1.2562	-1.4153	-4.664	-1.5524	-3.1146	-1.2601	-3.4284	-5.2591	-5.0495	-9.2963
-2.6281	-5.2437	-2.4188	-1.8287	-2.6097	-5.3264	-2.3011	-0.64341	-1.4915	-2.3877	-1.7654	-3.7343	-1.086	-1.2012	-2.4658	-4.4004	-1.7749	-1.0937	-2.3239	-2.956	-3.8816	-2.0266	-3.6916	-1.9989	-2.211	-3.6766	-3.9498	-0.92184	-2.2015	-2.8165
-2.4971	-3.7793	-2.538	-2.0692	-3.0305	-3.9827	-2.6703	-0.81771	-1.1671	-2.1978	-3.4348	-4.0904	-0.47671	-2.9204	-4.1025	-6.8129	-1.559	-2.1541	-2.4633	-1.9795	-0.78706	-0.32393	-1.9482	-0.43435	-1.1631	-1.9227	-2.6496	-4.5287	-5.8741	-7.3685
-2.9259	-6.0957	-2.4403	-2.0763	-2.2651	-3.5461	-2.9144	-0.20546	-0.69669	-1.0266	-3.4483	-6.1483	-1.5425	-3.2456	-2.3005	-5.1642	-3.1581	-2.4271	-4.0529	-3.0549	-2.2212	-2.6099	-4.9978	-1.9003	-2.788	-2.1013	-2.3039	-3.8631	-0.96284	-3.1897
-0.36764	-4.0732	-2.7672	-3.0001	-2.4611	-4.6106	-2.5558	-0.502	-2.4961	-4.0771	-2.4936	-3.5067	-0.31094	-2.1079	-2.4399	-3.6536	-3.1514	-1.4798	-0.9557	-2.4655	-0.90536	-1.5682	-2.4819	-2.3822	-2.3503	-1.0951	-5.6444	-7.9935	-7.277	-11.296
-0.6416	-3.8896	-1.5734	-1.9138	-2.5827	-3.5267	-0.066828	-1.8606	-0.58194	-1.5228	-2.6062	-3.3036	-1.0562	-2.3005	-1.7171	-3.9354	0.023473	-1.1868	-0.8714	-1.1158	-1.8931	-0.10387	-2.1615	-1.5726	-1.1991	-1.6171	-1.5757	-5.7895	-5.2215	-8.3501
-2.0418	-3.7468	-3.1341	-2.8446	-0.72993	-4.2169	-2.1329	-1.5907	-0.28907	-2.0572	-1.7399	-4.6522	-1.3735	-3.3533	-2.1544	-5.8601	-0.56116	-1.1074	-2.0162	-2.4133	-2.6147	-1.3339	-2.7386	-1.9492	-0.85114	-1.4707	-3.6739	-6.2931	-5.2772	-11.026
-2.5119	-4.7989	-4.1864	-4.3758	-2.1889	-7.7574	-2.1928	-2.156	-4.0957	-4.0651	-0.92875	-3.7217	0.10457	-2.5984	-1.6531	-1.9147	-0.79835	-0.25226	-1.0252	-3.2416	-1.6711	-1.6011	-0.1053	-2.1906	-2.0405	-2.8231	-2.8902	-6.3619	-5.7442	-10.471
-0.61571	0.15694	-1.7735	-0.72894	-1.7837	-2.1992	-1.0856	-1.8352	-2.1664	-1.086	-1.3208	-1.2401	0.34143	-1.7593	-1.8111	-4.3713	-0.24393	-0.24749	-2.0323	-2.8248	-2.5132	-1.1267	-3.3066	-1.9321	-2.7521	-2.3534	-3.2721	-4.6711	-4.3597	-8.2627
-0.78139	-3.1033	-1.8725	-2.5914	-2.0077	-3.5716	-2.6921	-0.93551	-1.4437	-0.86652	-1.4819	-1.8359	-1.4757	-2.4043	-4.0301	-6.6778	-0.44345	-1.8033	-1.8749	-2.7691	-1.4984	-1.8924	-4.169	-1.2413	-2.8459	-3.9834	-3.321	-4.9198	-3.5113	-8.8402
-2.6222	-4.6054	-2.7011	-3.1518	-3.7253	-6.6198	-3.1911	-2.3589	-1.54	-1.0971	-2.9099	-4.8542	-2.9963	-3.889	-3.3703	-5.5312	-2.3307	-3.7162	-1.644	-1.823	-2.3625	-1.963	-4.0151	-1.9771	-2.818	-2.2639	-3.5935	-5.2143	-4.586	-8.6742
-1.5449	-2.2391	-2.4513	-0.62238	-1.0606	-4.0888	-2.3385	-0.92989	-0.54769	-2.816	-0.03387	-2.1231	-2.8101	-1.503	-2.5381	-2.9307	-3.646	-2.775	-1.7172	-1.0699	-2.8399	-0.79041	-6.0299	-2.4719	-2.8802	-0.95321	-4.0146	-6.3067	-4.3346	-11.79
-0.041326	-1.6008	-3.4764	-2.7837	-2.8487	-4.9385	-1.6048	-3.4407	-2.1594	-2.5547	-2.3963	-2.818	-2.088	-0.52373	-3.4204	-3.8177	-2.66	-2.104	-3.8	-2.3152	-1.946	-1.0078	-3.181	-2.27	-3.4246	-2.3699	-5.5657	-6.4704	-6.5206	-10.874
-3.1659	-3.1745	-1.9812	-1.2466	-1.6061	-3.233	-2.9784	-3.472	-1.4318	-1.7835	-1.1897	-1.1335	-1.5873	-0.17652	-1.3126	-4.8364	-2.121	-1.2604	-1.1194	-1.042	-0.59264	-2.5922	-3.0923	-3.8627	-3.9785	-2.1175	-5.3906	-5.6914	-6.0449	-7.0076
-2.0788	-2.8032	-2.4062	-2.8351	-3.2186	-2.5435	-2.4209	-1.3965	-2.0545	-2.5887	-1.6975	-4.2019	-0.13637	-1.1637	-0.82202	-4.0313	-0.48491	-0.1632	-2.0879	-2.8598	-1.4392	-2.6383	-2.9081	-3.099	-3.3106	-2.0108	-5.7777	-4.9963	-4.1284	-9.2232
-1.1094	-2.3769	-2.2194	-1.7113	-1.0942	-2.624	-2.1248	-2.0198	-1.9692	-2.7028	-0.97478	-4.8229	-1.5912	-2.2679	-2.8977	-7.4311	-3.3429	-2.6372	-3.7505	-1.6376	-2.3623	-1.583	-4.4898	-2.3605	-3.1499	-3.0212	-5.9137	-5.3636	-6.0013	-5.8292
-1.6171	-1.6031	-1.8262	-1.1426	-1.5054	-4.0188	-1.2572	-1.0028	-1.2112	-1.9331	-2.3551	-4.9742	-1.6104	-2.612	-0.73328	-3.397	-2.7435	-1.4687	-1.2885	-1.6589	-1.6823	-3.3164	-3.9193	-1.6302	-2.7477	-2.2093	-4.3689	-6.6883	-5.2566	-7.3897
-3.4622	-4.9895	-2.5405	-3.6554	-3.3452	-5.5311	-3.1683	-2.6065	-2.7899	-3.0029	-1.8402	-2.7148	-1.6972	-3.9767	-2.5886	-6.3586	-1.8432	-3.23	-2.0012	-3.5848	-3.014	-2.1312	-2.6313	-3.0582	-1.6165	-2.1741	-5.1764	-3.0616	-3.2561	-6.389
-2.5778	-5.248	-2.9583	-2.4818	-2.8455	-4.8781	-2.0395	-2.5732	-1.9906	-3.6299	-2.6474	-3.5306	-0.62217	-2.3585	-2.8152	-4.8873	-1.0424	-2.0158	-2.1179	-1.6637	-1.677	-1.6222	-2.1946	-0.93518	-2.5492	-1.4768	-7.3049	-5.3173	-4.3615	-9.4482
-1.2396	-3.9847	-3.0844	-2.9484	-4.499	-3.6706	-3.1424	-3.9383	-2.7752	-3.3403	-2.8278	-3.4767	-1.4723	-2.8156	-3.7406	-7.586	-2.9267	-3.1508	-4.4894	-4.4576	-2.4708	-2.6893	-4.0313	-1.7639	-4.0307	-3.7018	-9.6625	-6.0509	-5.2906	-6.9817
-2.29	-3.9813	-2.5188	-3.2013	-2.6583	-5.1249	-3.885	-2.3613	-2.177	-2.1257	-2.1488	-2.1536	-2.2655	-1.7098	-2.9355	-5.3536	-3.5597	-2.3788	-2.8238	-3.1464	-2.7956	-2.6661	-5.6895	-1.5937	-3.4217	-2.4317	-7.1218	-5.4479	-5.3037	-9.7221
-1.5439	-3.549	-2.411	-2.8041	-1.7025	-4.1393	-2.2692	-1.6678	-1.4074	-1.913	-3.5179	-2.7807	-0.6888	-3.1565	-3.8135	-6.071	-3.0748	-1.6797	-1.6322	-2.0777	-0.76293	-1.0892	-2.0258	-0.15509	-2.4547	-0.53082	-3.954	-5.8171	-4.3996	-9.8111
-3.0611	-3.7059	-1.4907	-3.2284	-3.6751	-7.2242	-4.3468	-2.324	-2.3642	-4.5478	-1.6778	-3.1131	0.12919	-2.5737	-2.52	-6.4064	-2.9053	-1.9442	-2.7828	-3.8995	-1.759	-1.7674	-3.3633	-2.2411	-2.4674	-3.7652	-6.3099	-4.2972	-4.9697	-6.1116
-2.7763	-6.2231	-2.0878	-2.1321	-3.5262	-5.4008	-3.1676	-1.6034	-1.6037	-3.4989	-2.1121	1.4403	-1.8751	1.0221	-1.632	-5.6337	-1.9095	-1.2794	-1.5217	-1.3822	-2.9336	-0.22524	-2.9528	-1.9138	-1.9518	-1.2064	-3.7423	-2.3349	-1.029	-6.7666
-2.5463	-3.7713	-1.9667	-1.2314	-2.5274	-3.0094	-1.7841	-0.11997	-2.2804	-2.1336	-1.5141	-4.8412	0.41345	0.044499	-2.2799	-4.7767	-1.7238	-0.59387	-1.9659	-1.8365	-0.19121	-1.5425	-2.8444	-1.1131	-1.9558	-0.21398	-1.2019	-5.0875	-4.7921	-6.3388
-3.6734	-3.5154	-1.5947	-2.2792	-1.8037	-6.0858	-2.7016	-0.40305	-1.808	-1.3045	-1.3301	-2.714	-0.68829	-0.72713	-2.6564	-5.4787	0.58924	-1.3756	-1.2996	-1.5846	-0.2543	-0.42905	-5.5337	-1.5348	-2.0168	-0.72191	-2.3585	-3.3212	-4.0883	-6.3125
-3.8718	-2.6757	-1.7998	-3.4655	-2.0217	-4.1824	-3.5553	-1.2408	-2.8187	-3.581	-3.8602	-3.7915	-2.7248	-2.6958	-5.3659	-8.557	-4.5518	-2.156	-3.5737	-2.1259	-1.8967	-1.1361	-5.3579	-0.80549	-1.5413	-3.2066	-5.5972	-3.7808	-2.6957	-6.7723
-2.126	-3.2253	-2.3656	-2.4307	-3.3295	-4.1702	-2.8463	-3.1099	-2.4141	-2.7383	-1.5077	-1.5358	-0.1596	-0.10745	-2.3661	-4.9044	-1.6148	-0.10066	-0.52274	-2.8118	-2.3912	-3.3315	-2.8809	-2.4794	-3.9732	-2.363	-8.7692	-4.7114	-5.7311	-4.9457
-3.914	-3.9506	-2.608	-2.569	-2.0787	-2.7916	-3.5036	-0.72367	-2.859	-3.4911	-3.1602	-3.6208	-3.1017	-2.499	-3.3069	-6.8614	-1.68	-3.3101	-2.2024	-2.5986	-1.2507	-2.4079	-2.0347	-1.1719	-1.8191	-1.8608	-8.4745	-6.404	-5.9505	-6.8697
-2.3586	-5.8375	-0.92286	-2.0638	-2.0541	-3.5146	-3.135	-0.45607	-1.0566	-1.1481	-2.2991	-3.672	0.61376	-2.0105	-3.8532	-7.2606	-3.413	-1.1225	-2.1193	-2.3742	-1.9977	-2.729	-5.1222	-1.9977	-3.2841	-2.1771	-5.8061	-6.9767	-4.8706	-8.7696
0.38325	-1.7945	-2.7267	-1.9369	-2.6259	-4.5947	-2.1985	-2.6023	-1.4595	-2.9318	-0.8367	-1.0724	0.62793	-0.77335	-0.84535	-0.93648	-1.0572	-0.57308	0.6892	-4.4546	-2.302	-0.14032	-3.7732	-2.1226	-4.0434	-1.0678	-10.587	-5.3883	-5.3007	-6.0719
-2.3001	-4.7534	-2.0264	-3.5228	-2.7582	-6.8907	-2.8317	-2.139	-2.0843	-3.4579	-1.8447	-1.7335	-3.9513	-3.3339	-4.9228	-6.1427	-2.2643	-3.7907	-2.1598	-2.7616	-3.5471	-3.4962	-6.7001	-2.3582	-4.0248	-3.4471	-6.1144	-5.2704	-3.9875	-6.2941
-2.4149	-4.3792	-2.6446	-3.2114	-2.4267	-5.2078	-3.8328	-3.1364	-2.0322	-2.4714	-4.3667	-4.8646	-1.7231	-4.0356	-3.4368	-7.0881	-3.2135	-3.1277	-2.5174	-2.0957	-1.562	-1.8515	-3.0595	-2.4004	-2.4374	-0.88138	-5.1102	-5.7574	-4.1659	-6.9898
-2.5087	-6.2512	-2.7348	-2.3347	-3.1697	-3.7727	-1.6248	-3.4168	-2.3253	-4.105	-2.5593	-2.597	-0.09789	-1.9644	-3.1531	-5.582	-0.643	-1.4392	-0.84604	-3.1071	-3.3374	-3.0245	-2.6331	-3.0029	-3.8015	-1.5085	-8.3347	-5.5944	-7.0649	-7.668
-3.5646	-4.5569	-3.953	-3.8707	-3.2974	-4.5536	-4.8336	-1.13	-3.3125	-3.3742	-0.65435	0.03719	-1.6164	-0.55505	-2.3996	-5.9848	-1.3889	-1.2632	-2.5699	-3.2552	-0.22472	-1.3428	-2.8735	-1.629	-3.0174	-1.9109	-5.7596	-6.7758	-8.7353	-8.6744
-3.6747	-5.3053	-2.9329	-2.6806	-2.4106	-7.1197	-4.9566	-1.8077	-2.3605	-4.3595	-0.61307	-1.753	-0.8575	-0.8758	-1.3789	-2.7874	-1.9222	-2.3332	-0.94557	-3.404	-1.3002	-2.2739	-3.3522	-2.5115	-3.8857	-1.2606	-7.9308	-3.5133	-3.8296	-6.0572
-2.3077	-1.3893	-2.2498	-1.9805	-2.3207	-4.0042	-2.7333	-0.0023238	-1.7673	-2.58	-2.1533	-2.4643	-2.7623	-1.376	-3.1209	-3.6506	-3.9973	-2.0275	-1.5135	-2.6649	-1.6873	-1.5656	-3.1671	-1.5499	-1.5568	-1.7533	-4.6591	-4.3084	-5.1525	-4.6107
-2.5067	-4.6929	-2.6023	-1.9215	-3.0542	-5.1898	-2.0015	-1.8668	-2.3888	-3.2629	-3.8367	-4.4252	-2.111	-2.8851	-4.3989	-4.1301	-2.6316	-3.7464	-2.1441	-3.3888	-2.2304	-2.1031	-5.828	-4.559	-3.8324	-2.7724	-8.1866	-2.9664	-4.0454	-4.0846
-2.5235	-5.2547	-2.3174	-2.37	-1.9022	-5.5372	-3.6387	-1.5384	-1.668	-2.4878	-1.6948	-3.0251	-0.12791	-0.10041	-0.44972	-1.5887	-2.4653	-0.29801	-1.2625	-2.4162	-1.4677	-0.91463	-4.4753	-0.42273	-1.0134	-2.5842	-7.1492	-6.7518	-8.4577	-9.4314
-3.4889	-5.7111	-2.8663	-3.4071	-4.0165	-3.9746	-3.412	-3.703	-3.1231	-3.2001	-2.1328	-1.1973	-0.97848	-1.6174	-2.7028	-4.8995	-2.7919	-2.5438	-2.6717	-3.1816	-2.2061	-2.2187	-5.6273	-1.8228	-3.2804	-1.6795	-5.7921	-6.742	-6.0667	-12.565
-4.4357	-7.3587	-2.054	-3.4033	-2.9651	-5.793	-2.4071	-1.0684	-3.456	-3.7136	-1.1741	-2.3781	1.932	-1.308	-3.349	-4.8906	-2.6574	-1.1534	-1.2838	-2.7174	-2.1736	-2.1571	-4.8944	-2.2084	-5.0368	-1.662	-5.1876	-6.2762	-7.7667	-6.2959
-4.5099	-7.8928	-2.3845	-3.5214	-2.9406	-5.9897	-4.4519	-1.9514	-2.5671	-3.5603	-1.8252	-3.3417	-2.0235	-1.7049	-2.7187	-4.1854	-1.0831	-3.3509	-1.0347	-3.3437	-1.0924	-0.23282	-5.3456	-1.1148	-0.16437	-1.4682	-3.8374	-4.2139	-2.3242	-6.4611
-3.1027	-4.4752	-2.1258	-2.3812	-0.58864	-3.087	-2.1192	-2.4654	-2.8933	-2.0252	-1.9991	-2.1508	-2.2655	-1.0148	-4.1506	-4.0114	-1.0879	-1.9467	-3.3605	-2.6048	-1.887	-0.84237	-3.8781	-0.64136	-0.34273	-2.0972	-4.4576	-5.0552	-6.4564	-4.9517
-1.9604	-4.6951	-2.2866	-2.7668	-3.9521	-7.8768	-3.4806	-2.4177	-2.9808	-4.0406	-4.6074	-5.3549	-2.0018	-4.707	-3.8698	-7.755	-3.8771	-4.1609	-4.3535	-2.8155	-3.56	-2.6928	-4.6243	-2.1641	-2.2384	-1.192	-3.0826	-3.6597	-1.2594	-8.1542
-3.3728	-2.9491	-2.1382	-2.4071	-1.867	-4.2233	-3.0076	-2.1374	-2.5869	-3.1983	-2.5553	-4.3347	0.234	-2.3904	-2.2918	-6.7304	-2.297	-0.67992	-0.82349	-2.4037	-0.61077	-0.81546	-3.4138	0.59411	-0.71903	-0.24024	-4.3114	-5.5801	-5.6883	-5.1057
-5.1862	-6.8927	-3.9252	-3.4488	-5.3772	-4.7218	-3.3433	-3.9762	-3.838	-4.7252	-0.14011	-1.2166	-1.1961	-1.5568	-1.8506	-2.5629	-1.1884	-1.1129	-2.6451	-3.4905	-2.0049	-3.3287	-3.1022	-0.59507	-3.9179	-3.7613	-6.7122	-5.5286	-6.993	-8.5874
-2.8135	-5.9706	-4.8162	-2.1571	-3.2557	-5.4084	-2.295	-4.3952	-2.9971	-3.1409	-3.1754	-3.9049	-1.7016	-1.1491	-2.7312	-6.3084	-3.151	-2.1854	-1.5011	-2.986	-3.3379	-2.4188	-6.3934	-2.0827	-2.7105	-1.5316	-4.673	-6.617	-5.6107	-11.874
-2.667	-6.049	-1.8472	-2.3369	-3.2278	-5.145	-2.7458	-1.907	-3.1509	-3.8648	-2.869	-4.0778	-3.742	-3.0063	-2.7107	-6.0373	-3.001	-2.5821	-1.6914	-3.1285	-2.55	-3.4431	-4.3229	-2.2652	-3.5457	-1.889	-6.0867	-4.7492	-3.3085	-6.8853
-1.5563	-2.8078	-1.9738	-3.0515	-2.6591	-3.9513	-3.1794	-1.2049	-1.785	-2.366	-1.7456	-1.8692	-1.5495	-1.6694	-2.7112	-7.9547	-4.6966	-2.6585	-2.8156	-2.1335	-0.89371	-2.2557	-3.6456	-1.4876	-2.6852	-1.7274	-5.2686	-3.6917	-3.1102	-7.2927
-4.5428	-5.9687	-3.3485	-2.1893	-3.9694	-5.5893	-2.4935	-1.1236	-3.1512	-3.2726	-0.17307	0.10338	-2.4331	0.93808	-1.2578	-4.0693	-1.1693	-1.7133	-1.7023	-2.9645	-0.044849	-0.88075	-2.2207	-0.98476	-2.6274	0.18968	-5.3288	-4.7663	-4.2122	-6.8131
-3.2109	-6.3165	-3.5607	-1.9802	-2.7567	-4.1198	-1.5034	-2.4549	-2.2176	-3.8831	-1.9716	-5.0734	-2.9192	-2.0792	-2.6362	-6.6008	-3.1169	-2.2654	-2.4905	-4.1256	-3.8966	-4.7263	-7.0635	-5.1463	-4.5738	-4.3531	-8.2973	-2.135	-1.9157	-5.5715
-3.0157	-3.0611	-3.2873	-1.5888	-1.6288	-4.5715	-2.9286	-0.52595	-1.1853	-2.9475	-1.2966	-3.4767	-0.88577	-0.5808	-1.4576	-4.8523	-1.0272	-1.4962	-0.066434	-3.6028	-2.2549	-1.431	-3.9523	-2.0055	-2.7227	-0.90354	-8.3371	-6.1813	-6.9057	-9.0458
-2.5228	-5.665	-2.0816	-2.2649	-3.2524	-4.304	-1.8618	-0.75794	-1.5127	-2.5794	-2.3194	-2.5963	-1.8039	-2.249	-1.4173	-1.8184	-1.4807	-0.11159	-2.2811	-2.5507	-1.7724	-0.37701	-3.1738	-1.5944	-1.7965	-1.1229	-4.5557	-7.8222	-4.8332	-14.956
-2.2363	-5.6976	-2.9701	-1.5041	-3.2443	-1.4424	-1.1151	-2.289	-2.6144	-2.7046	-1.6973	-5.7616	-0.60135	-2.5525	-1.6091	-2.0882	-2.325	-2.1638	-0.62937	-1.5114	-2.0349	-2.1331	-4.3872	-2.7364	-2.6133	-2.0373	-5.0016	-3.8509	-4.5026	-5.2854
-3.7246	-4.1952	-3.6123	-2.746	-1.9172	-4.3512	-4.7504	-1.9002	-2.462	-3.1636	-2.7868	-5.4927	-0.47563	-3.4947	-3.2623	-5.5976	-0.052816	-0.20403	-3.1243	-3.1106	-1.5111	-3.6942	-3.0193	-2.6718	-2.3079	-3.1735	-6.9172	-1.7388	-2.5684	-6.0554
-3.4798	-3.1953	-2.1574	-4.2833	-3.5674	-1.8613	-2.6586	-3.9919	-3.785	-2.9264	-1.6616	-3.4832	-1.2405	-2.1008	-3.495	-4.4386	-2.74	-2.4664	-2.5084	-3.9161	-3.4693	-2.8629	-3.5691	-2.5197	-4.0492	-3.4382	-8.2035	-7.1081	-3.4175	-9.7234
-4.4393	-6.256	-4.2499	-3.1537	-3.9088	-5.3396	-3.4919	-2.2303	-3.5527	-4.8959	-2.106	-3.618	-0.89017	-3.8067	-2.1171	-4.9581	-3.4515	-2.4122	-1.6828	-1.4191	-2.5881	-0.80703	-5.5928	-1.6177	-2.7368	-1.2206	-6.1966	-5.2797	-5.8219	-4.3311
-3.1516	-4.5262	-2.388	-2.3851	-3.2998	-5.2294	-2.3684	-1.6394	-3.2388	-1.9662	-2.5556	-3.9063	-3.3048	-2.7286	-2.6275	-4.2919	-3.7951	-3.8448	-0.19305	-1.6265	-2.6988	-2.1455	-5.868	-2.2063	-3.3577	-0.95562	-6.4578	-1.8529	-5.1141	-5.4947
-1.6478	-3.5488	-4.1242	-2.2029	-2.5328	-5.3976	-2.3586	-1.8987	-0.60691	-2.7852	-2.4665	-3.9765	-4.0948	-2.2932	-5.1069	-7.2732	-3.0593	-2.7364	-5.7346	-2.1608	-2.5358	-3.4774	-5.0642	-2.5777	-3.6663	-3.9532	-4.7034	-6.7602	-7.7291	-8.9211
-2.9841	-7.1634	-2.9789	-4.5276	-4.926	-5.6718	-3.3795	-2.5045	-4.5899	-3.5926	-0.84484	-0.75877	-1.869	-1.2874	-3.433	-5.6812	-1.9963	-2.5826	-2.1058	-3.1807	-2.453	-2.9448	-7.0254	-2.1489	-2.6382	-3.2727	-7.8766	-3.493	-5.6778	-4.1413
-1.3871	-4.9437	-2.6359	-3.1328	-2.8313	-3.4559	-2.2318	-4.0477	-1.7402	-2.6304	-2.4321	-5.2548	-1.1635	-2.7402	-2.9954	-8.0611	-2.7451	-2.8458	-1.5219	-3.4273	-2.0508	-2.7839	-2.3768	-2.2783	-2.9524	-1.5859	-5.5613	-2.1081	-5.3474	-3.2684
-1.1466	-3.223	-0.86255	0.070451	-0.31602	-3.4304	-1.9794	-0.78395	-1.2028	-1.6536	-0.24046	-2.0786	-1.1455	-1.2404	-0.92677	-2.0965	-1.4629	-1.2644	-0.29	-0.35969	-0.82574	2.0284	-3.5271	0.31742	-0.64804	0.57118	-2.8533	-1.5475	0.11869	-4.0758
-3.6425	-7.6673	-3.8698	-4.6415	-4.4706	-6.055	-3.0999	-2.876	-3.4241	-3.2601	-4.5672	-4.4264	-3.6042	-4.1642	-4.3565	-7.184	-4.4382	-3.2529	-2.2206	-4.472	-3.8035	-3.1234	-5.1749	-3.2011	-4.5978	-3.0297	-6.888	-6.4949	-7.9118	-8.2059
-3.0444	-5.2429	-3.6622	-3.7376	-4.1598	-7.4651	-2.9798	-3.0114	-4.2674	-4.3529	-1.1782	-3.3428	1.0644	-2.363	-3.1975	-7.4291	-0.70807	-1.7599	-2.4514	-4.6911	-3.4755	-2.3787	-5.9607	-2.891	-3.5966	-1.7141	-6.0094	-4.8774	-5.4914	-9.9207
-1.2943	-2.8086	-0.73431	-0.73317	-0.48985	-1.473	-1.1238	-1.1826	-0.52316	-0.31898	0.20249	0.40706	1.8759	0.53726	0.96756	-0.4497	0.7915	-0.11736	1.3143	-1.9876	-0.45517	-0.91675	-2.2934	-0.5428	-1.1817	0.42744	-2.3139	-2.1259	-2.658	-1.5485
-1.4356	-3.5538	-2.6026	-1.181	-2.2935	-3.6872	-2.5541	-2.5038	-1.1866	-1.8235	-1.3716	-5.1331	0.2083	-2.207	-1.8746	-1.9077	-0.05407	-2.4856	-1.3836	-2.674	-1.8382	-2.3044	-1.5038	-0.94314	-1.7904	-1.2541	-4.7398	-3.688	-5.3524	-4.9501
-2.2378	-4.5021	-3.3454	-3.0967	-3.0167	-5.6734	-1.1313	-3.5748	-3.3311	-2.9335	-2.5989	-5.7818	-1.1025	-2.4862	-3.8723	-6.505	-3.2942	-2.3266	-2.712	-2.2648	-2.9535	-1.9364	-3.2052	-1.1322	-2.108	-2.4173	-5.2114	-7.4926	-5.4844	-11.802
-3.8911	-3.8229	-2.1765	-2.1484	-2.2474	-3.0402	-3.0684	-1.534	-2.7162	-3.0884	-2.6721	-3.7591	1.4683	-1.5452	-2.8802	-4.2441	-2.7117	-1.4125	-0.99419	-1.9681	-1.1818	-0.83729	-4.9554	-0.56314	-3.0878	-0.50875	-4.0173	-4.3309	-7.5632	-7.0081
-2.7862	-4.8623	-1.9851	-1.8838	-1.9702	-4.1654	-1.246	-1.9058	-1.867	-2.6932	-2.724	-4.5646	-3.0081	-2.6998	-3.1722	-3.3857	-4.5598	-4.154	-1.2988	-2.0457	-3.6353	-3.8791	-5.7516	-2.7991	-2.9979	-1.7296	-3.2732	-4.4581	-4.0544	-3.1684
-2.6802	-4.4334	-2.454	-3.0059	-3.9304	-5.4055	-2.895	-1.8994	-3.2475	-3.54	-3.2875	-4.2836	-1.6413	-2.3066	-1.8925	-3.6775	-4.5932	-1.8942	-1.3375	-3.3868	-2.5604	-2.6126	-3.5802	-2.3686	-2.7669	-3.0061	-5.3157	-8.8075	-8.0054	-10.08
-3.7871	-1.699	-2.4643	-2.4484	-0.41033	-8.2912	-3.9577	-1.9163	-1.9983	-3.7213	-1.6876	-7.1826	-1.0446	-2.8319	-1.6053	-1.9493	-2.4717	-1.2758	-1.6591	-3.4708	-2.3302	-2.7186	-4.8589	-2.0894	-3.3782	-2.4669	-7.1314	-4.5663	-5.8718	-7.6242
-3.015	-3.1552	-1.2797	-1.793	-2.2365	-6.5132	-2.4953	-2.1421	-2.783	-2.839	-1.0269	-3.1352	-0.55948	-0.65337	-1.0726	-3.6148	-0.71176	-0.45976	-1.3723	-2.6838	-2.6185	-2.1795	-5.0271	-2.7008	-4.3228	-2.4572	-7.1932	-4.1313	-2.951	-5.7969
-1.4128	-3.2319	-1.5906	-1.409	-2.3884	-3.18	-2.6478	-0.65158	-1.9133	-2.7362	-2.727	-5.8924	-1.5242	-2.2914	-3.0529	-5.028	-1.7763	-1.1298	-2.1239	-1.6663	0.67324	0.56054	-2.4876	0.75734	-1.6562	-0.38984	-3.5447	-1.7694	-3.6257	-2.0047
-0.71019	-4.7521	-3.67	-2.1273	-3.0959	-5.7605	-1.7784	-0.20136	-2.5124	-3.6775	-2.9022	-5.2654	-1.4994	-3.362	-1.9041	-6.0324	-2.2079	-1.3443	-1.7892	-3.1002	-2.0941	-2.3022	-4.71	-1.1659	-3.0649	-2.3874	-6.7677	-4.1183	-6.9378	-7.1982
-2.7043	-5.7319	-3.7125	-2.7589	-2.6579	-4.1063	-3.6054	-1.747	-2.1542	-2.5071	-2.427	-3.4401	0.026583	-2.5691	-3.3605	-7.8787	-2.3249	-1.6746	-3.459	-2.9475	-2.5764	-2.7344	-3.5252	-1.8729	-2.2398	-3.2532	-6.429	-4.866	-7.7178	-4.4072
-2.5216	-4.5522	-2.3103	-2.5886	-2.7334	-5.9154	-4.4338	-2.8733	-2.9999	-3.0876	-1.94	-5.0984	-0.31113	-2.0589	-2.3259	-5.3563	-1.4669	-1.5648	-3.1308	-2.9921	-2.266	-3.5907	-3.5401	-4.3531	-5.082	-2.0238	-7.4986	-6.7558	-6.6919	-8.6429
-3.0157	-2.3365	-1.8772	-2.3548	-1.8308	-5.1055	-3.514	-1.9974	-1.4532	-2.5827	-3.1197	-6.1203	-3.2386	-3.5732	-2.1726	-3.3645	-2.2451	-2.6775	-2.4368	-2.1681	-1.1812	-0.69409	-6.5529	-1.4451	-3.4411	-1.7677	-3.5273	-5.0561	-7.3594	-5.2658
-2.8988	-4.3262	-2.7705	-2.6007	-2.489	-6.0621	-2.9606	-2.4063	-2.3036	-2.7059	-2.0902	-4.9565	-2.1294	-3.627	-1.6785	-4.1327	-2.9943	-1.7764	-2.3792	-2.4977	-0.96433	-0.73331	-4.498	-1.3999	-1.2003	-1.5827	-5.016	-6.8784	-6.7851	-9.9384
-1.8214	-2.6103	-0.21029	-1.0836	-2.0916	-5.142	-3.4078	1.1876	-1.566	-1.3621	-2.0716	-6.5509	1.2738	-2.5364	-0.31038	-2.7062	-1.6065	-1.3498	-1.1723	-1.8076	-3.008	-2.137	-4.3569	-2.7977	-2.5246	-2.7897	-5.2326	-6.227	-5.7834	-10.582
-3.4286	-5.6557	-3.2366	-2.8311	-2.8549	-5.0345	-2.4715	-1.4411	-2.4054	-3.4822	-3.1671	-4.652	-3.1875	-3.565	-2.0072	-3.2495	-3.3228	-2.7261	-2.2914	-3.1618	-4.5394	-3.5641	-5.5255	-1.5687	-4.4905	-3.2859	-7.1457	-8.4825	-10.658	-11.882
-2.5357	-4.5806	-2.0982	-2.2952	-1.639	-2.9042	-2.1445	-2.859	-1.961	-1.44	-2.3501	-3.4179	-2.6386	-1.0891	-2.2251	-5.2126	-3.919	-2.6138	-3.232	-2.3196	-1.8006	-1.0124	-4.4923	-1.4565	-1.8324	0.060137	-2.2204	-4.4498	-3.0251	-6.7965
-3.9946	-4.3855	-4.1325	-3.4648	-2.6027	-5.7953	-4.9855	-5.2815	-3.9333	-2.9907	-2.2809	-4.8539	-1.578	-1.8479	-1.8942	-3.0338	-4.3721	-2.1223	-1.9711	-3.9279	-2.9752	-3.2095	-4.5755	-3.3463	-3.0232	-2.8529	-6.0043	-3.9043	-7.3591	-4.3582
-3.5563	-1.8773	-3.7158	-3.0763	-2.5975	-7.2437	-4.7969	-2.0259	-3.5231	-4.5579	-1.0131	-3.5996	-0.45604	-2.5132	-1.8152	-2.8477	-1.4692	-0.15827	-1.8053	-2.8467	-1.6161	-0.91669	-5.6569	-1.9256	-3.3892	-1.6836	-5.034	-4.712	-4.5971	-6.2825
-2.4357	-2.7969	-2.6061	-3.8452	-2.5773	-7.851	-2.8937	-4.2324	-3.425	-3.3061	-3.0153	-2.4733	-1.6403	-2.7891	-2.9849	-7.9846	-2.5045	-2.1478	-3.3411	-3.8825	-4.1139	-4.9006	-7.1331	-3.3471	-5.1295	-2.4809	-8.296	-3.3548	-5.8689	-7.1925
-0.91668	-2.1351	-2.8676	-1.5471	-2.605	-5.8412	-1.7973	-3.5976	-3.4495	-2.7358	-1.2426	-3.3207	-3.0274	-1.9189	-1.2374	-2.0164	-0.30798	-0.44174	-0.25638	-2.7991	-2.0734	-2.9051	-2.8784	-0.75698	-3.5385	-1.1362	-3.9544	-5.1391	-7.0975	-3.9837
-2.1908	-3.7675	-2.5738	-1.8858	-3.0125	-6.0025	-2.297	-0.34326	-0.89618	-2.5959	-3.3073	-7.3181	-2.7305	-2.9684	-2.6712	-2.5252	-2.3482	-3.8441	-1.2991	-0.75554	-1.3123	-0.33011	-4.1946	-0.55866	-0.15944	0.1403	-4.2276	-6.3811	-7.0379	-7.1974
-2.8063	-2.973	-2.801	-1.5507	-2.2722	-4.481	-1.9288	-1.5748	-2.0754	-3.4359	-4.5554	-6.4489	-1.3039	-5.2714	-3.4302	-4.9218	-4.73	-3.7488	-1.9822	-4.1873	-2.4419	-1.7683	-7.9585	-2.6208	-5.1251	-2.3495	-9.0861	-8.5442	-7.2569	-9.8267
-3.4886	-3.9998	-4.2396	-4.3485	-4.2641	-6.9693	-4.4876	-1.2416	-3.0017	-3.6374	-1.9448	-3.7917	-1.1374	-1.2161	-3.831	-4.6626	-1.1086	-2.5595	-1.7119	-2.4878	-0.41916	-1.4717	-0.4819	-0.92489	-2.8679	-1.8657	-4.7661	-3.234	-6.5568	-6.1968
-2.9354	-2.2272	-2.8238	-1.2725	-2.2394	-2.8987	-3.1195	-0.45318	-3.0122	-2.2498	-2.2323	-5.7131	-2.8317	-2.6166	-3.9896	-6.493	-5.0669	-4.5353	-3.5082	-1.117	-3.4408	-1.66	-3.9227	-2.5976	-2.2879	-0.62319	-4.853	-3.5211	-3.862	-5.3034
-2.0843	-2.9278	-3.0138	-3.5149	-2.941	-4.214	-2.4985	-1.6319	-0.77395	-3.5142	-1.7433	-4.545	-1.1984	-2.9562	-2.1921	-3.068	-1.2994	-2.8123	-1.2553	-2.1831	0.33027	-1.5772	-3.1633	-2.2784	-2.2679	-0.53845	-4.0417	-6.4971	-8.4745	-7.1069
-1.2195	-2.579	-2.8288	-2.0165	-3.0813	-4.951	-2.4485	0.15495	-1.898	-2.2284	-2.097	-5.642	-0.10501	-4.6452	-4.1003	-6.5785	-0.62778	-1.5322	-3.6694	-2.4577	-2.3496	-1.7621	-0.47138	-2.5032	-0.69566	-2.5994	-4.5078	-3.1344	-4.3153	-3.3529
-4.83	-6.0272	-4.8562	-4.6426	-4.8603	-7.373	-3.9633	-3.8732	-3.6072	-4.0088	-2.6916	-4.6133	-2.4979	-3.926	-3.6885	-6.2635	-3.4395	-2.8599	-3.1183	-3.6094	-3.7256	-3.1791	-6.719	-3.5076	-4.0016	-4.3392	-6.2208	-6.5879	-8.0016	-9.8327
-3.6775	-6.9576	-2.9807	-2.9715	-4.5441	-7.615	-4.3344	-1.8088	-2.3756	-3.6108	-1.8662	-2.2227	-3.5405	-1.49	-2.6523	-5.6202	-1.8317	-2.2658	-1.5085	-4.0247	-3.3181	-2.4038	-6.6361	-2.7275	-4.1755	-1.8349	-6.1188	-8.3502	-8.4442	-13.285
0.018371	-3.1601	-2.5421	-2.3732	-1.1397	-5.5196	-1.2885	-2.4257	-1.9134	-1.9842	-3.3653	-4.3263	-1.6188	-4.075	-2.5241	-3.3162	-2.2324	-2.6587	-2.2481	-2.3196	-1.7478	-2.2728	-6.0407	-1.9654	-3.2313	-0.87511	-9.1373	-5.2308	-5.5406	-6.5487
-0.11406	-3.236	-4.6949	-1.9253	-3.5585	-2.3651	-1.1273	-3.1146	-2.643	-1.3489	-1.7859	-4.5038	-2.0736	-2.5913	-0.83093	-0.5431	-1.7454	-1.2319	-0.67253	-3.4999	-1.9311	-2.2768	-4.0718	-2.1818	-4.9961	-2.4928	-4.7435	-6.2101	-8.904	-7.6062
-3.5724	-4.3665	-3.9476	-3.5006	-2.7879	-5.9273	-3.7168	-3.6631	-2.4238	-3.3957	-2.0555	-4.4105	-0.25765	-1.1339	-2.5168	-3.7418	-1.3998	-1.2658	-0.24171	-3.7817	-2.6949	-2.3097	-4.5948	-2.6339	-3.8901	-1.6077	-7.2196	-8.8659	-6.563	-11.497
-0.78698	-2.7482	-0.7599	-1.1473	-2.9465	-5.5753	-1.5727	-0.97275	-1.4819	-1.1659	-0.72636	-3.3925	-0.81126	0.24524	-1.5864	-4.1735	-2.0997	-1.5116	-1.6771	-2.7586	-3.572	-3.6862	-4.8144	-2.1945	-2.3523	-0.95804	-5.7362	-2.7363	-4.1187	-5.8207
-3.4553	-3.6476	-2.2926	-4.4914	-2.2283	-6.2996	-3.9902	-3.0785	-3.589	-4.3123	-2.7285	-5.7994	-1.8565	-3.002	-2.3296	-4.6566	-3.504	-2.6837	-4.038	-3.0588	-4.9478	-3.2029	-7.1524	-3.9157	-3.9034	-3.637	-7.4036	-6.1055	-3.7775	-7.7749
-1.463	-2.8099	-1.6214	-1.2596	-1.3092	-2.8027	-2.1395	-1.1712	-0.91053	-2.1912	-2.4555	-5.2752	0.36252	-2.3335	-1.0028	-2.491	-0.67172	-0.87778	-0.95398	-1.8206	-0.87237	1.6486	-2.2602	-0.21137	-0.2655	-1.5353	-1.1305	-5.1874	-5.2631	-5.0918
-2.7776	-5.5217	-2.5187	-1.7514	-2.2066	-2.772	-3.2917	-1.844	-2.8924	-2.8032	-2.1127	-5.9311	0.33805	-3.2684	-1.5805	-4.1369	-2.7212	-2.021	-3.1626	-0.95646	-4.0505	-3.596	-6.793	-4.1267	-5.508	-2.3196	-4.7116	-5.3535	-7.4739	-6.9304
-3.6067	-7.2381	-3.6401	-3.7901	-4.3131	-6.4123	-3.6709	-3.1775	-3.2998	-4.2021	-3.3242	-3.6727	0.025075	-2.5126	-3.6372	-6.5396	-2.6952	-2.1868	-3.6002	-3.3786	-3.8919	-2.7152	-7.7167	-5.0101	-4.6041	-3.9534	-4.2401	-4.7076	-7.3695	-8.8395
-2.8314	-4.0463	-2.0048	-2.9919	-1.7044	-4.3512	-0.86501	-2.0688	-2.523	-1.2883	-4.1999	-8.775	-2.1948	-4.4162	-4.483	-8.2081	-4.6731	-2.2325	-3.0807	-3.2309	-2.2155	-1.5308	-6.1255	-1.9575	-3.6242	-1.0593	-6.1016	-8.751	-7.4698	-12.334
-0.92532	-3.6284	-2.7441	-1.9703	-2.0025	-6.8269	-2.8144	-2.5514	-1.5	-1.8402	-3.0291	-4.6125	-2.5333	-2.8608	-3.261	-3.8096	-2.2758	-1.8934	-2.4691	-3.1005	-1.7425	-2.6992	-5.477	-2.568	-2.5206	-2.562	-6.4598	-8.2551	-10.067	-11.885
-1.118	-4.5135	-3.982	-3.6497	-2.9628	-5.562	-2.1378	-2.9859	-4.0047	-3.8507	-1.5591	-2.0246	0.53364	-0.55705	-1.0722	-1.9253	-0.26963	-0.29332	-1.4944	-3.3537	-2.0493	-1.0192	-4.5876	-0.6398	-3.1341	-1.9943	-6.6132	-6.6905	-6.8998	-7.8574
-0.61285	-2.4299	-1.1209	-3.9925	-1.8687	-6.4872	-1.3177	-0.9641	-0.65578	-0.82737	-3.3566	-7.6941	-0.42713	-4.581	-2.4903	-4.0726	-2.253	-1.6724	-1.3384	-2.5163	-2.2535	-2.6145	-3.1701	-3.8635	-3.9884	-3.3067	-5.9449	-5.6227	-3.4003	-9.4234
-3.9246	-4.9027	-3.3644	-2.5917	-3.4924	-5.5631	-2.5453	-2.3148	-2.6844	-3.4376	-4.1037	-6.2909	-2.6966	-3.9973	-4.4535	-5.4225	-3.3958	-2.8885	-3.0971	-3.8019	-3.0254	-3.9155	-6.9203	-1.4857	-2.7431	-2.285	-5.9254	-6.533	-7.3609	-9.0182
-0.97381	-4.0453	-3.0539	-2.3068	-2.9303	-5.1141	-1.4004	-1.4177	-2.4244	-3.401	-2.4055	-5.9215	-3.2444	-3.5133	-4.1714	-6.0636	0.028844	-3.8122	-2.4618	-1.822	-2.3193	-0.88684	-3.4588	-3.015	-3.1124	-1.4201	-3.3871	-5.6528	-6.6842	-7.2042
-4.744	-4.7363	-3.8462	-3.5962	-2.5046	-7.1679	-4.1322	-4.7626	-4.1164	-3.5112	-4.7582	-4.2845	-2.6636	-3.0638	-4.9253	-6.14	-3.6995	-2.3078	-3.5713	-3.6682	-3.7794	-1.301	-6.3497	-3.829	-3.0474	-2.8679	-5.791	-5.864	-5.941	-9.7308
-2.57	-3.7197	-4.1352	-3.034	-2.4344	-7.5075	-2.7883	-2.6649	-2.7644	-4.5967	-2.7149	-4.4907	-1.3615	-3.1133	-1.7974	-2.3714	-1.2131	-1.8388	-1.4414	-2.7845	-2.8258	-2.3841	-5.1633	-2.4675	-2.3649	-2.309	-7.7449	-6.2558	-7.3932	-10.654
-3.036	-2.6902	-2.4681	-2.0564	-1.7199	-4.4249	-1.8253	0.48962	-3.1693	-2.3815	-1.456	-5.6103	-0.94454	-2.4462	-1.944	-1.4968	-0.75677	-1.2096	-0.97846	-2.2515	-1.1578	-1.3898	-3.7205	-0.4416	-2.0356	-1.3472	-2.9472	-6.2792	-7.4246	-8.787
-3.4792	-3.4838	-4.007	-2.0044	-2.4785	-4.2374	-3.0579	-1.0854	-2.3219	-2.2154	-0.58914	-3.6756	-0.13779	-1.4559	1.1321	-1.4341	-2.6896	-0.35536	-1.3174	-2.7527	-1.7446	-2.8801	-2.9942	-1.7895	-1.6914	-2.169	-3.6941	-8.0389	-6.8248	-9.8232
-3.2311	-3.5632	-1.4443	-3.293	-3.421	-5.1441	-3.1716	-2.6924	-3.3425	-2.6529	-3.3058	-6.8721	-1.6981	-3.3757	-4.2268	-7.4019	-3.8931	-1.9922	-4.1978	-2.1362	-3.2586	-2.611	-5.0729	-2.0857	-3.2757	-1.9557	-6.9181	-2.7089	-2.6536	-5.5773
-2.5776	-3.2481	-3.7165	-2.7193	-2.1151	-5.5279	-4.1467	-2.9015	-3.8693	-3.8251	-4.136	-6.2561	-1.6118	-3.2147	-3.8414	-6.6846	-2.5217	-1.6497	-2.565	-2.0372	-3.3892	-1.1373	-6.8959	-2.8234	-2.7347	-2.1613	-6.311	-5.004	-7.2616	-4.0667
-2.2158	-2.6082	-4.1417	-1.6388	-0.4122	-5.2956	-3.1827	-1.554	-2.4938	-2.9301	-3.4495	-5.1011	-4.5291	-3.4074	-3.6428	-8.8392	-3.4408	-2.979	-4.4802	-2.5171	-2.4518	-2.7912	-4.0273	-1.8579	-3.3341	-2.3273	-4.5771	-7.2847	-7.7183	-9.6539
-2.5196	-6.2379	-4.1026	-3.861	-5.131	-8.1697	-3.7996	-2.7138	-2.6414	-3.9603	-4.0812	-6.8161	-2.8862	-3.3883	-4.5067	-4.2587	-3.2068	-2.5417	-3.3406	-3.5885	-2.9664	-4.0188	-6.3091	-2.8436	-4.5028	-2.2024	-8.0875	-7.1605	-7.5954	-11.115
-3.0505	-3.4889	-3.601	-2.7667	-3.057	-4.5659	-1.4662	-3.0641	-2.0179	-2.6346	-3.0132	-8.0656	-0.45869	-3.8681	-3.2678	-5.3129	-2.7939	-0.99582	-3.151	-3.362	-2.1988	-0.63856	-4.5411	-0.90505	-2.0282	-1.44	-4.0357	-2.3245	-5.1307	-5.0002
-2.621	-4.0496	-5.6892	-3.899	-3.4275	-7.03	-4.0021	-2.5055	-2.9585	-4.2092	-2.6569	-4.1187	-1.4938	-2.4723	-1.7411	-0.95951	-1.3553	-2.3894	-0.18981	-4.1223	-0.50754	-1.3973	-5.5441	-3.115	-4.0106	-0.64518	-7.6095	-8.5569	-11.35	-12.053
-2.1828	-1.8442	-3.8818	-1.9091	-2.3085	-3.3042	-2.1673	-2.8821	-1.7257	-2.0009	0.070323	-4.1061	-1.8167	-2.7228	-2.3723	-5.0323	-1.7386	-2.2868	-2.6519	-2.0608	-1.3348	-0.42601	-3.6533	0.29361	-0.77881	-0.35623	-3.5262	-7.2858	-6.4075	-7.7198
-4.0537	-5.5629	-2.9131	-2.1401	-1.8618	-5.7641	-2.9673	-1.5662	-2.2495	-3.8828	-2.8767	-2.6283	-3.4588	-2.5199	-2.26	-2.1303	-2.8816	-3.3417	-1.7912	-2.573	-0.53302	-1.9377	-3.8892	0.16297	-1.2123	-1.34	-2.7686	-2.1127	-3.3275	-6.6574
-2.6928	-3.3163	-4.4426	-3.0478	-2.9649	-5.355	-3.7787	-4.7843	-3.81	-2.4408	-1.8977	-3.5872	0.74221	-1.2128	-2.563	-2.5664	-1.1106	-1.514	-1.3735	-3.3499	-1.7046	-3.076	-5.6318	-1.779	-3.5524	-1.7218	-4.576	-7.4244	-9.0667	-7.8723
-2.5408	-2.5558	-3.173	-3.8852	-3.4188	-3.9779	-3.1753	-2.578	-2.5519	-2.0949	-2.7343	-5.775	-2.73	-2.8057	-4.6905	-6.9279	-2.1979	-2.5774	-4.3627	-3.1029	-2.239	-3.3532	-5.2521	-1.4612	-3.6715	-3.6238	-6.1827	-7.2612	-7.0144	-10.276
-3.88	-6.6845	-4.9822	-4.8009	-5.2559	-8.3229	-3.4114	-3.5143	-4.2148	-4.8524	-3.0895	-6.1159	-1.3227	-2.5264	-3.1382	-4.6287	-3.4698	-3.5737	-3.5025	-3.1869	-3.3447	-1.9185	-4.9636	-3.0477	-2.1437	-2.0921	-5.2303	-7.9541	-9.6884	-8.2338
-1.5584	-3.8194	-1.1658	-2.4248	-1.6734	-5.4602	-1.6993	-1.499	-1.8155	-3.2673	-3.1663	-6.5609	-1.1296	-3.3324	-3.8786	-5.7821	-0.098512	-2.4965	-1.9324	-2.7017	-2.7179	-3.162	-3.7444	-2.5336	-2.4255	-2.5119	-6.1844	-4.077	-4.8243	-4.2432
-4.3323	-7.3131	-3.1351	-3.9878	-4.276	-6.4307	-4.1491	-2.4588	-2.4331	-3.2646	-1.9785	-4.6463	-2.6927	-2.3072	0.4324	0.10346	-1.6038	-2.0553	-1.9514	-3.1935	-5.2326	-2.8463	-3.4569	-3.1184	-3.1287	-2.0457	-4.0004	-6.3543	-5.1863	-8.8839
-4.0648	-5.1913	-3.9869	-2.4224	-3.7945	-5.9529	-4.0958	-2.5198	-2.01	-3.3285	-2.1863	-3.2229	-1.6898	-1.4304	-3.0507	-3.7001	-2.284	-2.29	-2.2442	-3.767	-3.9143	-2.806	-5.8889	-2.6323	-4.501	-3.4041	-8.1228	-8.8223	-5.3644	-11.927
-2.5609	-2.4725	-1.1102	-1.4436	-0.88852	-3.227	-3.1756	-1.7841	-0.86746	-1.9346	-1.4622	-2.5474	-2.2354	-1.4958	-2.0875	-4.7423	-1.2366	-2.2569	-2.5372	-2.9834	-2.2012	-1.6717	-1.6481	-2.7731	-2.4283	-1.827	-4.7142	-3.0521	-4.3507	-7.0018
-1.0214	-3.0132	-0.86078	-0.67576	0.38854	-5.3164	-2.1781	-1.0561	-1.9201	-2.3801	-1.2364	-4.6999	0.19898	-0.78379	-1.7665	-3.7685	-3.0522	-1.3187	-2.2347	-1.5418	-2.1929	-2.4526	-6.356	-2.4568	-2.9929	-2.5491	-3.8233	-3.3468	-4.601	-2.4405
-0.23706	-2.5606	-1.9993	-1.9805	-1.7929	-3.3778	-1.9839	-2.9089	-1.4798	-2.4334	-2.7357	-6.5997	-3.4674	-4.854	-3.2624	-4.0058	-2.6682	-2.7573	-2.3141	-2.1074	0.037844	-1.6746	-4.4724	-1.7213	-2.0654	-1.2178	-4.9895	-4.315	-7.3622	-5.526
-2.1633	-1.4478	-2.1386	-2.3371	-2.8071	-6.75	-2.5456	-2.4243	-2.3815	-3.134	-2.7735	-5.113	0.74612	-1.2992	-1.4209	-3.0197	-3.5057	-0.20746	-2.0454	-3.8016	0.087104	-1.0051	-5.6505	-1.183	-2.8174	-2.9641	-5.9006	-5.4718	-5.8968	-11.162
-2.5764	-3.4066	-2.3551	-3.5804	-2.3244	-3.5316	-3.8917	-1.4999	-1.3679	-2.3843	-2.0054	-5.2171	-1.6638	-3.7397	-2.9212	-6.1847	-2.6701	-1.43	-2.3813	-1.8886	-1.2173	-2.1837	-5.1587	-2.814	-2.5817	-2.0456	-2.532	-4.142	-6.5978	-4.1278
-2.4344	-4.6537	-3.7402	-3.8579	-2.2861	-7.0379	-4.0073	-4.0176	-3.6371	-3.7713	-4.3697	-7.2031	-2.2496	-4.8719	-4.358	-6.8618	-3.9093	-4.2762	-3.0088	-3.6945	-1.9078	-2.4267	-5.107	-1.2711	-2.878	-2.6049	-6.235	-7.5369	-7.5167	-8.9674
-3.2678	-5.92	-3.3627	-2.8273	-3.7256	-4.402	-3.352	-1.6501	-1.9609	-3.2048	-3.0631	-4.0307	-4.1528	-2.9578	-3.469	-5.8245	-4.1718	-4.2064	-5.6031	-2.8178	-1.8903	-2.6145	-3.9717	-2.7293	-3.9627	-2.8872	-5.2339	-6.6155	-6.9459	-12.055
-4.3965	-5.2501	-5.314	-3.3078	-3.7615	-7.9388	-4.1818	-4.5246	-2.6687	-4.2783	-2.5909	-5.7278	-0.99481	-3.0828	-2.8226	-6.1438	-1.874	-3.7135	-2.9254	-2.3399	-2.4413	-1.6159	-5.1925	-1.9254	-3.2469	-1.2414	-4.8593	-6.1237	-9.5924	-8.1066
-2.7451	-2.6741	-5.24	-4.9664	-2.2778	-6.2093	-3.9715	-2.172	-1.478	-3.4977	-3.618	-7.2024	-2.1788	-3.3575	-3.2897	-3.0342	-3.0414	-3.0371	-1.9608	-3.0028	-1.5276	-3.5743	-4.1339	-3.802	-3.5205	-1.9338	-4.5259	-6.4441	-6.7947	-9.4083
-3.7532	-5.6193	-3.1912	-2.8753	-3.7051	-9.2089	-6.1703	-4.1587	-4.0219	-4.3431	-3.8936	-5.7152	-1.5418	-4.8048	-4.674	-8.305	-4.238	-3.6465	-3.1281	-3.6476	-2.5172	-2.1992	-5.6195	-1.6992	-1.8033	-1.4404	-7.2923	-6.2559	-9.1543	-11.403
-4.3761	-6.8937	-5.0145	-3.2851	-4.4478	-5.1814	-3.5069	-2.4806	-3.2541	-4.3041	-3.9953	-6.6584	-3.8821	-4.8235	-4.604	-5.9953	-1.6808	-1.9307	-4.3797	-3.0637	-3.0311	-3.4704	-3.9297	-3.255	-3.4369	-2.5489	-6.8568	-7.5909	-9.5148	-11.689
-1.4125	-5.2333	-2.5629	-3.5413	-2.9647	-5.2811	-3.0499	-3.6347	-3.3566	-3.4856	-3.4229	-6.7116	-2.8436	-2.7989	-3.7291	-7.437	-3.9605	-3.0194	-2.4548	-3.2861	-2.0619	-1.9273	-6.3616	-2.7741	-3.2619	-2.3397	-5.8051	-6.4591	-6.1137	-7.395
-3.6069	-4.1196	-3.9632	-3.6972	-2.2585	-7.7032	-5.718	-4.1523	-3.0643	-4.364	-0.71468	-7.5353	-1.7898	-3.1493	-3.8805	-5.152	-1.1137	-1.2583	-1.7793	-5.7807	-3.6557	-2.9318	-5.3881	-3.0407	-4.4283	-3.6241	-7.926	-6.3649	-6.6455	-10.261
-2.5402	-4.084	-1.4837	-0.84858	-1.0905	-1.8206	-1.4111	-1.9375	-1.0033	-0.46435	-1.7006	-3.2292	-3.0607	-1.5622	-2.0598	-2.6401	-0.5492	-2.1439	-0.37063	-2.0823	-1.3002	-1.0264	-1.9874	-1.4504	-2.492	-0.17284	-3.7703	-6.0948	-4.5633	-9.2364
-2.16	-2.9478	-3.1673	-3.466	-1.6181	-6.4687	-3.91	-3.5578	-3.6603	-3.3408	-3.9425	-6.6447	-1.9452	-4.1082	-4.725	-6.5615	-3.3781	-3.4163	-2.2978	-4.0284	-3.1635	-2.6069	-6.9831	-2.7189	-2.5669	-3.4722	-4.9119	-8.3661	-7.5074	-11.748
-2.9448	-1.9083	-1.8944	-2.6514	-1.0568	-4.8624	-2.7311	0.2442	-0.048382	-2.2609	-2.3642	-3.7601	-0.30512	-2.4143	-2.0932	-4.2135	-4.0838	-1.9158	-2.9703	-2.3957	0.60626	-0.73553	-1.3752	-1.4654	-0.95215	-2.415	-4.6509	-5.1304	-5.7674	-7.1028
-3.7764	-5.3869	-3.9406	-4.226	-4.0507	-8.0563	-3.477	-2.7086	-3.0289	-4.6329	-2.2181	-4.5497	-2.5564	-3.6587	-4.4239	-4.524	-3.2013	-2.984	-2.7991	-3.1078	-2.7158	-2.4243	-3.7647	-1.3306	-3.4685	-2.4632	-3.8924	-6.7553	-7.2933	-10.949
-5.8871	-6.2035	-2.6423	-3.1899	-2.8795	-6.4865	-4.6767	-1.6715	-1.4404	-3.7292	-1.7079	-6.5223	-1.9961	-2.5934	-3.1903	-3.751	-3.8985	-4.1506	-3.0089	-2.8045	-1.1041	-1.5917	-3.6514	-1.4362	-2.142	-2.5086	-5.6858	-7.2869	-7.8185	-6.6195
-4.2432	-4.3926	-3.9011	-3.1909	-1.7062	-5.5466	-4.1853	-4.1758	-2.4817	-4.2107	-4.1432	-6.9615	-3.9494	-2.9514	-3.284	-5.5082	-2.2352	-2.2696	-2.7757	-1.7647	-1.6497	-0.66198	-3.3344	-1.4841	-0.82043	-2.0401	-3.441	-5.6119	-7.2049	-10.509
-2.5322	-4.3015	-3.2693	-2.6614	-0.94876	-5.4917	-3.2015	-4.1847	-2.3454	-2.9973	-3.0862	-3.1183	-0.94491	-1.878	-3.3485	-6.629	-2.6868	-2.7802	-3.3108	-1.7628	-3.7961	-4.0793	-3.9475	-2.9063	-3.8589	-2.4573	-4.1357	-5.494	-8.2144	-9.465
-4.2649	-5.7092	-4.448	-4.6121	-2.46	-8.2116	-4.853	-2.9917	-4.5807	-5.56	-2.4166	-4.2141	-3.1949	-1.816	-3.2485	-5.9871	-2.6875	-2.9062	-4.554	-3.57	-4.6073	-3.5481	-6.0692	-3.4156	-4.9516	-3.3079	-7.542	-6.5834	-6.978	-7.3008
-4.4492	-3.506	-2.9175	-2.8184	-2.9648	-5.0108	-3.6417	-2.8909	-3.1054	-2.7552	-1.0193	-1.5608	-0.10306	-1.0899	-1.9012	-1.4175	-1.6902	-0.87679	-0.44325	-2.6574	-2.3662	-2.0618	-3.4513	-0.41333	-2.6949	-0.63502	-4.1943	-4.5664	-4.9705	-9.0163
-3.5259	-3.8322	-2.5022	-2.4913	-3.0862	-7.7791	-3.479	-1.5634	-4.1574	-3.5806	-0.76181	-3.7241	-2.2989	-2.8584	-4.8641	-8.6621	-2.1038	-3.5546	-3.644	-2.527	-3.4295	-2.2922	-5.1228	-2.6923	-1.9114	-3.5047	-5.3061	-8.2113	-8.8448	-10.324
-1.6087	-4.0373	-1.6284	-2.9235	-2.2424	-5.0859	-3.1954	-4.0825	-2.0237	-1.4758	-1.7908	-2.4919	-0.98339	-2.7232	-2.8405	-4.9359	-1.0033	-2.1137	-2.2671	-3.7329	-2.4225	-3.7291	-5.1622	-2.2874	-2.4875	-2.3487	-5.802	-3.6707	-4.4454	-9.2268
-4.0783	-5.0591	-3.3636	-4.1787	-3.9376	-6.389	-3.2065	-3.3005	-4.1775	-4.147	-3.7031	-5.8574	-2.0826	-4.8428	-2.6476	-5.1141	-3.6513	-3.4172	-2.1213	-3.2169	-4.0638	-0.96392	-5.692	-2.1859	-2.5895	-3.2285	-2.6548	-3.1516	-3.8679	-2.5174
-1.8883	-4.5135	-3.1992	-1.7145	-1.6325	-3.6542	-3.485	-1.0405	-1.7245	-2.6808	-1.713	-4.6813	-6.4315	-4.3035	-4.2452	-8.1673	-2.5322	-3.9057	-4.2	-1.2798	-2.5745	-2.3144	-5.1325	-2.9061	-2.8114	-3.2728	-4.6499	-6.9569	-6.7683	-14.217
-2.5287	-4.5266	-3.0719	-2.9805	-3.1541	-6.6712	-2.9114	-1.5676	-2.8186	-4.237	-1.7876	-1.6999	-0.28786	-0.95702	-1.5946	-2.7981	0.73671	-0.73268	-1.3572	-2.9382	-1.6829	-1.9462	-2.8755	-1.4778	-1.6067	-1.6407	-6.4729	-6.4418	-6.5946	-6.2081
-2.3038	-1.7655	-1.3743	-0.81691	-0.94914	-2.4773	-2.9992	-2.2342	-1.7835	-1.9346	-0.41974	-3.2387	-0.24	-0.63112	-1.1556	-3.2547	-1.2516	-0.16961	0.495	-0.29483	-0.43889	-0.11285	-0.25891	-0.48143	-0.68625	0.22039	-1.0906	-0.32091	-2.3317	0.070343
-2.6308	-2.9675	-2.7811	-1.7234	-3.232	-4.3384	-1.2319	-2.9574	-2.7004	-2.3432	-2.7685	-3.0955	0.19104	-2.1033	-0.7926	-5.251	-2.5156	-1.7542	-1.5711	-3.3482	-3.8896	-3.1554	-7.22	-3.8544	-4.504	-4.0194	-5.0582	-4.7674	-6.0525	-9.0359
-2.1719	-2.9672	-4.7516	-1.7531	-2.0557	-5.5313	-1.2384	-3.0141	-3.0979	-3.6254	-1.558	-4.4652	-1.8601	-2.4578	-2.7653	-4.6715	-2.5347	-2.3015	-2.1211	-3.7724	-3.9951	-3.8095	-4.3302	-3.1449	-4.1349	-2.1831	-4.2898	-7.6651	-5.3079	-10.648
-1.1581	-3.5272	-3.7519	-0.91292	-2.9957	-2.9098	-0.12661	-1.6246	-1.2641	-2.0516	-1.316	-0.43758	-1.2986	-0.99879	-1.7823	-2.9762	-1.8651	-0.9015	-1.3009	-2.4637	-0.31311	-1.8025	-4.0699	-1.2425	-3.5556	-2.0373	-6.0266	-8.0529	-5.3711	-8.559
-1.2123	-3.1286	-3.0888	-2.2152	-1.9223	-4.8121	-1.3968	-0.86111	-1.6477	-2.0033	-3.5587	-4.1645	-1.7073	-1.5653	-3.6441	-2.9591	-2.478	-1.7452	-0.73519	-1.1493	-2.1626	-2.3355	-4.6449	-1.1133	-2.3306	-1.6936	-3.6802	-4.0946	-5.1082	-6.9749
-4.0912	-3.8542	-3.9939	-3.3571	-3.6317	-4.5304	-3.7935	-2.2361	-1.8905	-4.2234	-0.22051	-1.7089	-0.48324	0.49815	-0.67622	-3.1296	0.13612	1.2261	-1.3275	-3.7337	-0.98162	-1.6054	-4.3215	-0.72092	-2.8938	-2.1996	-6.824	-8.5638	-7.1127	-14.337
-1.8423	-2.406	-3.2305	-2.2175	-3.4679	-3.6336	-3.0737	-1.4501	-1.736	-2.7683	-3.7766	-3.1256	-1.2947	-1.1939	-2.5281	-6.0346	-1.0702	-1.727	-1.5333	-3.1435	-1.5456	-1.051	-3.2169	-1.1437	-2.368	-1.5039	-4.7855	-7.4535	-6.2138	-12.239
-4.4627	-4.9032	-2.9143	-2.7073	-1.6502	-2.5629	-1.4156	-1.9824	-1.7673	-2.7869	-2.2291	-4.9498	-1.4234	-1.99	-3.745	-6.2961	-3.0712	-2.8597	-2.2029	-2.766	-1.539	-1.5207	-3.4759	-3.4913	-3.9716	-2.1436	-6.8758	-4.1969	-6.1426	-8.0333
-2.4678	-2.9592	-2.5	-1.3848	-2.6134	-2.7299	-1.6557	-3.4039	-1.9307	-0.88858	-3.5678	-5.3712	-3.0382	-2.5012	-3.4644	-4.114	-4.6732	-4.1465	-2.0739	-1.9003	-1.9185	-0.98516	-5.2376	-1.5128	-3.1228	-1.5171	-6.3198	-7.3984	-7.4253	-9.9842
-0.024874	-1.1605	-0.99546	-1.0935	-0.075594	-3.1495	-1.0809	-1.1421	-0.41802	-2.217	-2.6242	-3.4133	-1.8715	-1.9537	-3.2644	-6.586	-2.5826	-1.0318	-1.8432	-1.2293	-2.2002	-1.7925	-4.8673	-2.0597	-3.3224	-1.658	-4.1342	-3.0179	-0.94563	-2.3417
-0.70635	-2.1945	-1.4044	-2.2699	-1.62	-5.1803	-1.9682	-0.075879	-2.0439	-2.2873	-3.8079	-3.456	-0.073487	-1.7283	-4.137	-7.4969	-2.8896	-2.2878	-3.4714	-4.2295	-2.0079	-2.4758	-4.1641	-2.1157	-5.3021	-2.8694	-5.2695	-3.2903	-4.3879	-5.5695
-1.6977	-2.3563	0.088674	-1.9771	0.23835	-2.807	-2.3119	-1.1817	-1.163	-1.3485	-1.7339	-2.8928	-0.56915	-2.6275	-2.6946	-5.1697	-2.4148	-1.5788	-1.7727	-1.7983	-2.4045	-2.1296	-3.3154	-2.0912	-1.3723	-2.4064	-3.495	-1.2205	-2.4056	-3.9382
-2.9764	-4.0078	-3.683	-3.3716	-2.6998	-4.1752	-2.5398	-1.5982	-2.1795	-2.4608	-1.5101	-0.453	-0.092263	-2.1586	-2.3218	-4.9272	-0.7976	-0.74631	-2.2655	-2.8095	-1.6908	-1.5961	-1.3675	-2.8901	-1.9172	-1.1837	-5.8357	-5.118	-5.0322	-10.502
-1.7209	-0.86427	-2.1236	-1.4752	-2.2505	-4.4037	-3.039	-2.9748	-2.5645	-2.8255	-3.0081	-6.7124	-2.3875	-4.33	-3.7886	-5.8966	-1.6875	-2.7748	-2.4943	-1.0922	-1.3744	-1.3015	-2.9931	0.35649	-1.8953	-0.53858	-5.4548	-5.58	-5.617	-6.9696
-3.7975	-4.7863	-2.7933	-2.2648	-2.1665	-3.6571	-2.9703	-1.5678	-0.49969	-1.1976	-2.6673	-3.1095	-2.3036	-2.0638	-3.1172	-5.6826	-3.2112	-1.9291	-2.2264	-2.0908	-2.2245	-2.199	-4.5739	-2.686	-3.7234	-2.2772	-5.7464	-4.1417	-5.6589	-7.2161
-1.3111	-2.0888	-3.5619	-2.1116	-2.1715	-4.097	-1.4267	-2.6122	-1.763	-1.9576	-5.0762	-7.1316	-2.4061	-5.4016	-5.1504	-3.8284	-4.2993	-2.8082	-3.6214	-1.6038	-1.4631	-1.0996	-5.8391	-1.6482	-2.7794	-2.3388	-4.4785	-6.462	-6.0956	-7.5719
-2.6357	-2.3775	-3.0382	-2.4937	-1.7654	-3.4046	-4.2677	-2.9044	-2.5577	-3.1728	-3.8952	-4.8272	-2.0746	-2.27	-3.4211	-5.6783	-2.8956	-3.6437	-4.2903	-3.1204	-2.7728	-1.9421	-5.0951	-2.8645	-3.1048	-3.0813	-6.8801	-5.7816	-5.9928	-7.474
-2.0334	-2.9208	-2.9699	-0.79013	-1.8035	-4.3889	-3.1591	-1.8331	-1.9168	-3.4159	-3.2595	-6.8814	-0.96382	-2.1126	-2.4274	-6.0311	-1.2748	-1.4196	-4.0829	-2.0192	-2.0655	-1.4365	-4.7614	-0.908	-3.1915	-0.212	-2.9183	-6.4126	-6.2351	-10.403
-3.311	-4.3537	-1.9012	-1.6424	-0.70533	-3.4599	-2.6104	-4.2056	-2.5118	-2.382	-2.3019	-4.1307	-3.3209	-3.0438	-1.3287	-6.5617	-2.4382	-3.1113	-1.574	-1.4844	-1.8719	-1.7201	-3.0035	-1.2452	-2.1642	-1.3485	-3.4293	-6.1443	-4.9037	-10.933
-2.7565	-4.9402	-2.6889	-4.2128	-3.884	-5.1231	-3.8657	-2.044	-3.0451	-3.2876	-1.642	-3.4499	-4.1444	-1.4153	-3.0922	-4.6091	-1.5389	-3.1707	-1.6843	-2.9211	-2.3821	-2.4904	-3.9089	-1.9537	-2.5938	-0.244	-5.0764	-2.661	-4.7242	-1.6345
-2.3504	-5.0549	-2.2396	-3.5698	-1.9576	-5.6318	-2.9465	-0.9782	-1.8435	-2.7709	-2.7815	-3.5447	-0.078981	-2.9518	-3.4908	-5.5126	-1.5487	-2.0375	-2.2887	-3.663	-2.7996	-2.9352	-5.8896	-1.7549	-2.4222	-3.618	-3.36	-5.0123	-4.2391	-6.8664
0.16818	-1.2123	-2.4465	-0.97332	-0.53115	-2.7485	0.69988	-1.539	-1.1559	-0.83461	-2.8006	-2.9995	-2.0689	-1.1568	-2.0938	-4.3071	-0.93907	-0.87595	-1.5177	-2.3998	-2.7958	-1.9769	-1.1096	-1.3591	-1.1673	-0.62977	-4.369	-7.3003	-5.2461	-12.064
-0.078828	-2.2474	-2.8829	-2.2721	-1.5753	-2.9059	-0.58828	-1.4909	-2.1051	-1.8954	-3.4143	-2.8638	-0.67762	-2.2294	-3.5908	-3.8888	-1.4588	-2.3015	-3.4883	-1.5836	-1.3136	-1.4393	-2.9836	-0.92663	-2.2886	-0.5044	-4.4333	-7.4815	-7.9261	-8.0585
-3.3242	-5.8952	-2.1243	-2.4393	-1.3085	-4.4089	-2.4238	-1.7628	-1.8385	-3.8034	-1.8978	-1.9573	-1.3605	-1.9691	-3.0246	-9.0105	-0.8116	-1.614	-2.3612	-1.8987	-1.5328	-0.36161	-4.4021	-1.3574	-1.5503	-1.3689	-4.4817	-7.6178	-6.4475	-8.011
-4.6873	-4.9512	-4.1546	-4.0985	-3.1556	-3.8824	-3.7906	-3.5713	-2.1468	-3.4896	-1.8987	-3.5793	-0.79701	-3.2038	-3.0859	-7.637	-2.2742	-1.6934	-1.0625	-3.6902	-1.6995	-2.3648	-3.698	0.0040423	-2.6383	-2.1961	-5.8298	-5.5464	-7.1463	-11.251
-2.7592	-4.4055	-2.6001	-2.7937	-2.3651	-3.4275	-3.2192	-1.6345	-2.9448	-2.3735	-2.483	-3.5355	-2.5752	-1.7388	-2.4702	-3.7194	-2.6608	-1.626	-0.36444	-1.6322	-1.9184	-2.1966	-4.3772	-2.6116	-2.6917	-0.89308	-4.038	-2.8764	-5.6277	-3.5276
-1.1534	-3.5157	-2.8469	-1.1716	-2.9408	-2.5242	-2.2727	-2.8418	-2.4696	-1.799	-2.0029	-2.8628	-1.904	-2.0738	-1.3628	-4.7462	-3.0383	-1.1182	-0.21433	-2.4842	-1.7468	-2.7016	-4.6457	-1.9039	-3.3755	-1.3326	-2.2639	-6.2699	-7.6392	-10.283
-4.1311	-4.4841	-2.9919	-3.6987	-2.5073	-7.1961	-2.9708	-4.4974	-3.4465	-3.1077	-2.3846	-3.6979	-2.22	-0.83144	-3.4845	-5.7846	-1.0045	-2.1141	-1.3667	-2.437	-3.3836	-2.7683	-4.0968	-2.1326	-2.3812	-1.7398	-6.4647	-8.8807	-6.2242	-11.071
-1.2284	-1.1464	-0.04814	-1.5979	-1.0229	-1.4997	-1.0333	-0.21082	-0.83357	-0.11409	-4.418	-3.5894	-1.9534	-3.4084	-2.9177	-3.9404	-3.2251	-2.4356	-3.6543	-3.0005	-2.318	-2.379	-5.4794	-3.2953	-3.1452	-2.5143	-4.3522	-2.9263	-4.7953	-7.7427
-2.3592	-4.5195	-2.3723	-1.7348	-2.6999	-3.2258	-2.7269	-0.61071	-1.7106	-2.7977	-3.0141	-2.3645	-0.81009	-1.7535	-2.6323	-5.0945	-1.9379	-1.6408	-0.69361	-2.6493	-2.6308	-2.5164	-3.2778	-1.7169	-1.987	-2.0632	-5.6678	-8.4897	-6.4444	-10.864
-1.9866	-2.0321	-2.2633	-1.819	-2.3215	-4.6355	-1.9152	-1.8614	-2.8245	-2.688	1.6686	-0.12468	0.10159	0.032713	-2.308	-3.3784	-3.4067	-1.8062	-3.1395	-2.5792	-1.2353	-1.1548	-3.6196	-2.7469	-3.1574	-2.7416	-5.2475	-4.7129	-3.2332	-6.264
-3.9127	-3.9481	-2.3149	-3.1086	-2.2461	-4.5677	-2.9244	-2.3066	-2.6813	-2.9481	-2.9945	-6.2668	-1.9687	-4.5716	-3.6284	-8.4557	-1.6839	-2.2027	-3.5941	-1.2809	-1.2625	-0.75161	-6.7083	-2.368	-3.2873	-1.8095	-6.4022	-4.8987	-5.7987	-8.6687
-3.2904	-4.5118	-2.1156	-4.1324	-3.8714	-6.1188	-3.235	-3.0444	-3.4363	-2.9102	-3.5861	-3.3957	-1.1023	-2.16	-2.8135	-5.8565	-4.2786	-2.126	-2.0015	-3.0711	-2.6358	-0.91615	-4.3934	-2.2758	-2.9375	-2.4244	-5.8579	-4.3251	-4.8812	-7.5217
-3.5722	-4.41	-2.4051	-2.7109	-1.6495	-3.7742	-3.9657	-1.3231	-1.7638	-1.6743	-2.1292	-3.4936	-3.3616	-2.7329	-3.8261	-4.8623	-3.5072	-3.8329	-3.0542	-3.251	-1.4042	0.023291	-5.1384	-1.0791	-3.8903	-0.60085	-6.4744	-4.7633	-5.0114	-7.6429
-1.7982	-2.4093	-3.0569	-2.1363	-3.2961	-3.5061	-1.9905	-2.3833	-1.8628	-1.6967	-3.9863	-6.308	-2.7858	-3.5693	-3.446	-6.9909	-2.169	-1.3042	-3.4621	-3.425	-3.643	-2.6999	-2.8973	-3.1206	-2.542	-3.124	-6.006	-3.8705	-4.0633	-6.6435
-0.51048	-3.3763	-3.0666	-1.9944	-2.6229	-3.8472	-1.29	-2.5106	-1.5964	-2.3875	-2.1865	-1.6026	-0.92999	-3.2474	-3.3075	-7.5094	-2.1815	-2.724	-3.0292	-1.6876	-0.41863	-0.47462	-5.1841	0.10974	-1.311	-0.86727	-2.4064	-7.5196	-5.9173	-11.836
-2.5173	-4.5514	-2.1115	-2.0386	-2.9441	-5.7246	-4.9729	-2.6923	-3.3065	-2.9884	-1.1004	-5.8373	-3.5588	-3.2147	-1.3728	-2.1116	-0.44787	-2.2495	-2.1684	-2.853	-1.7523	-1.0288	-5.2844	-1.702	-2.8529	-1.3342	-2.1597	-3.198	-3.7444	-6.6496
-2.582	-4.7219	-1.7023	-2.7924	-4.1293	-4.9634	-1.7463	-1.3905	-2.5219	-2.4908	-1.6772	-2.6409	-1.4029	0.14803	-1.0936	-6.6026	-2.7895	-1.2545	-1.5677	-2.671	-2.1484	-2.1111	-6.0011	-0.41031	-2.5307	-0.10888	-3.9661	-6.3844	-7.0617	-11.285
-0.60339	-1.5517	-2.0418	-1.3559	-1.7262	-1.4849	-1.6156	0.17452	-1.9601	-1.3921	-3.86	-5.8613	-3.1395	-2.4011	-3.1538	-4.4802	-4.2192	-3.411	-2.3308	-1.9195	-1.3209	-0.43586	-4.8703	-1.9451	-1.9556	-1.4919	-3.6253	-4.8416	-4.5909	-6.5812
-0.95224	-4.0625	-1.3807	-0.97742	-1.0564	-2.3874	-1.0318	-2.6076	-1.9461	-1.8607	-3.5915	-4.9024	0.11698	-3.6891	-2.5894	-4.4192	-0.59299	-1.7268	-1.4085	-2.4685	-2.4817	-1.6565	-2.9938	-2.2681	-2.2412	-2.3406	-3.6459	-5.1919	-4.5525	-6.5803
-2.0676	-6.8965	-3.1812	-4.4331	-3.8042	-5.7925	-4.2605	-2.7319	-2.1887	-2.7659	-2.665	-2.7493	-1.7619	-2.9574	-3.553	-9.0769	-3.1465	-3.049	-2.2408	-2.973	-0.23772	-0.74728	-2.6548	-1.1328	-2.6793	-1.2582	-5.0601	-8.9385	-6.8478	-12.761
-2.3163	-4.2736	-2.0714	-3.0893	-2.396	-5.1598	-2.9965	-2.6609	-2.2283	-2.149	-4.4087	-3.9995	-1.7426	-2.928	-4.3021	-7.2414	-3.4049	-2.5786	-2.1118	-2.7034	-2.8584	-2.3265	-3.2569	-2.5413	-1.6799	-2.5855	-5.3639	-2.3783	-3.2014	-4.896
-0.85999	-3.2791	-2.4932	-1.7176	-2.7373	-4.4971	-2.9137	-1.2566	-0.15649	-2.3128	-2.6156	-2.2468	-2.4593	-2.3155	-2.444	-3.2984	-3.53	-2.9444	-1.9308	-2.4008	-3.1295	-3.8594	-7.1449	-3.0382	-3.4925	-2.1244	-6.2275	-7.6426	-5.5098	-9.6801
-2.361	-4.6207	-2.7133	-0.92148	-2.4156	-2.7945	-3.5833	-3.3051	-2.5276	-2.6137	-2.3451	-2.0272	-3.6802	-3.4369	-3.6651	-7.7859	-3.1674	-2.4728	-3.3196	-1.4873	-1.5316	-2.8179	-1.9834	-2.0559	-2.6302	-2.0942	-3.5619	-3.208	-4.0921	-8.2755
-0.70352	-2.7476	-0.19438	-0.66271	-0.67645	-2.4634	-1.7258	-1.0895	-1.7461	-1.9383	-0.55638	-2.9928	-0.97562	-0.14887	-2.1441	-4.5542	-0.53804	-0.86528	-1.2024	-1.4426	-1.5703	0.10902	-0.9337	-0.81592	-1.5525	-0.9724	-3.5478	-4.8414	-6.2375	-8.8364
-2.0222	-4.2092	-1.1976	-3.1639	-3.2186	-2.8364	-1.8425	-1.7485	-2.8078	-3.8403	-2.5157	-3.0426	-1.5025	-3.3415	-1.9367	-3.9882	-2.1696	-1.9058	-1.8829	-2.5844	-1.2504	-1.7793	-1.131	-2.3878	-2.501	-2.3393	-5.7042	-7.2396	-4.6187	-9.4553
-1.9112	-2.6061	-3.0806	-2.4766	-1.497	-3.5352	-1.8474	-1.4266	-1.0908	-2.5229	-3.8012	-5.5829	-3.1656	-2.6729	-4.8099	-6.4586	-1.145	-3.6738	-2.3007	-1.7349	-1.3104	-1.5717	-2.9961	-0.78929	-2.4021	-1.8524	-1.0868	-4.5349	-4.6407	-7.472
-2.2953	-5.0568	-2.8558	-2.1843	-2.2516	-3.4088	-1.3895	-1.5703	-2.2962	-2.7459	-1.4161	-3.7319	-1.6515	-0.81117	-1.8697	-5.1259	-4.034	-1.6257	-2.4377	-2.6169	-2.3477	-2.0315	-5.9316	-2.196	-4.5989	-2.7657	-5.6476	-4.255	-4.3433	-4.9917
0.20532	-0.54094	-2.0566	-1.2904	-0.037381	-3.1089	-1.0546	-2.6498	-1.9857	-1.7902	-1.414	-3.9234	-3.1963	-1.1157	-2.5891	-3.2983	-1.2828	-2.7965	-2.0274	-0.74287	-1.9869	-1.9996	-2.8945	-2.4442	-2.4623	-0.66064	-3.3802	-2.5725	-3.345	-6.6124
-2.7427	-3.8763	-2.9828	-3.0729	-1.9329	-7.0578	-3.2277	-2.7569	-1.8845	-3.155	-0.63111	-3.6474	-1.4917	-1.3783	-0.99981	-5.2076	-4.287	-1.8481	-1.7458	-1.3628	-2.1404	-1.6674	-4.3791	-2.2495	-3.1667	-1.7762	-6.4213	-6.3736	-8.3866	-11.759
-1.936	-2.8397	-2.4191	-1.6215	-1.3285	-2.439	-1.9231	-1.3938	-1.8868	-1.0291	-3.5952	-6.9664	-2.7534	-4.5974	-4.9216	-8.837	-1.1613	-3.1127	-4.351	-1.1126	-2.4929	-0.53135	-3.5122	-2.0986	-0.99839	-2.2176	-3.2003	-4.9543	-4.5592	-10.1
-4.2439	-4.8414	-2.3325	-1.7289	-2.3534	-2.8227	-2.3656	-0.4179	-0.87755	-2.5988	-2.3603	-3.7238	0.45897	-2.0653	-2.5644	-4.267	-3.455	-1.9445	-2.799	-1.8838	-1.9784	-0.75994	-4.4814	-2.3505	-1.9825	-2.4115	-3.0069	-2.7495	-4.6234	-7.2137
-0.64339	-3.3367	-0.97988	-1.8724	-1.123	-4.1369	-0.46177	0.28795	-1.4219	-0.47935	-2.0272	-1.8779	-0.86028	-1.5661	-0.34421	-5.1954	-3.1747	-0.70251	-3.2401	-1.1024	-0.42847	-2.1891	-3.3699	-1.7616	-1.3315	-1.9603	-1.6598	-6.3187	-3.6779	-9.5924
-3.6768	-5.4495	-2.7273	-4.4299	-2.7597	-4.3096	-2.9394	-3.4595	-3.0207	-1.8351	-0.95278	-1.9139	0.02643	-0.091969	-1.9308	-5.1169	-2.1418	-0.89635	-2.1126	-3.6322	-3.4955	-2.2132	-6.5495	-3.4395	-4.6521	-3.6584	-4.4438	-4.1009	-3.8165	-3.5384
-2.9249	-3.0921	-0.094224	-2.3985	-1.4686	-6.1679	-2.1577	-1.1185	-2.1151	-1.7451	-2.0542	-4.0539	-4.2145	-3.7706	-3.2343	-3.8601	-1.9916	-2.5694	-1.4474	-2.1943	-1.7173	-1.6922	-4.4298	-1.8336	-1.6894	-2.7098	-0.73639	-4.7726	-5.2825	-9.2641
-2.2772	-2.5051	-3.0848	-1.9099	-2.6354	-2.8337	-2.4811	-2.8832	-0.66413	-1.8719	-0.20864	-0.37458	-0.37647	0.72994	-1.4486	-3.0073	-2.7483	-1.6709	-0.86946	-2.0943	-1.891	-1.2534	-7.2461	-1.9701	-3.4994	-1.1403	-3.261	-6.7925	-6.7937	-7.7739
-1.3778	-3.0493	-3.4947	-2.5437	-1.9706	-4.3676	-1.8393	-3.19	-2.6985	-3.1623	-1.2482	-2.4918	-0.56134	-0.64349	-1.4184	-4.539	-1.0583	0.6086	0.13575	-2.3583	-3.1666	-2.4086	-2.7923	-3.8454	-2.0042	-1.0768	-4.2876	-6.9656	-5.1034	-10.327
-1.6577	-2.9344	-2.074	-0.38664	-2.78	-0.11032	-2.2502	-2.2435	-1.1222	-0.75091	-2.6999	-3.4139	-2.4223	-3.7237	-1.575	-4.2619	-2.4602	-0.75124	-1.2149	-1.8926	-1.0831	-1.132	-5.4706	-0.81348	-2.3496	-1.2178	-3.7218	-5.6372	-6.4134	-10.437
-1.1452	-1.5287	-1.9089	-1.6991	-1.5266	-3.745	-1.9653	0.041156	-0.35047	-1.8677	-0.75468	-2.8034	-1.7867	-1.5955	-1.4617	-3.8825	-2.8039	-1.0956	-1.8712	-1.8154	-0.84783	-1.1042	-3.2887	-0.89225	-1.4974	-1.6104	-3.3825	-4.0897	-4.7819	-8.2687
-1.0652	-4.3181	-0.69562	-2.2508	-2.3638	-2.6497	-2.7106	-0.47038	-1.0298	-1.5656	-3.4702	-4.0706	-3.1585	-2.817	-4.3884	-7.5106	-3.9021	-2.8788	-3.6589	-2.9766	-4.0837	-2.5368	-4.1784	-3.2685	-2.0608	-3.0962	-4.6762	-5.2261	-4.7876	-8.3727
-4.2226	-5.412	-3.4205	-3.3969	-3.1384	-7.2983	-5.3133	-2.3524	-3.6729	-3.5225	-3.0277	-3.8311	0.76941	-2.7545	-3.0727	-3.5897	-2.5122	-1.598	-1.9742	-3.3909	-1.9699	-2.45	-4.8476	-2.5471	-2.0563	-2.0565	-7.2645	-7.2538	-6.0489	-11.136
-2.7087	-2.371	-1.206	-1.6005	-1.5798	-3.8976	-1.861	-1.3259	-1.3825	-1.7832	-1.3226	-2.2201	-2.9742	-2.0877	-3.4896	-5.0107	-4.5002	-2.8731	-1.7591	-1.8274	-0.75554	-1.3013	-5.4366	-2.764	-1.0208	-1.2514	-3.0461	-3.1273	-4.8931	-4.6527
-5.0083	-5.564	-3.876	-3.8816	-3.0638	-5.0518	-4.3611	-4.109	-2.9653	-3.8873	-2.2396	-4.3336	-1.5084	-1.929	-2.1045	-3.9831	-3.2819	-1.8777	-1.2525	-3.3736	-2.0723	-1.494	-1.2369	-2.309	-2.5775	-2.2437	-7.105	-7.0348	-6.8173	-11.569
-1.6485	-2.255	-2.5487	-2.6324	-2.5879	-4.6396	-1.8992	-1.903	-1.7817	-2.7603	-4.6078	-5.1195	-1.0145	-2.594	-4.915	-5.9399	-2.9833	-2.5188	-3.0763	-0.89628	-2.702	-1.7099	-3.9575	-3.42	-2.1369	-0.98629	-3.532	-6.6031	-7.8095	-9.5478
-1.109	-4.1997	-4.0362	-3.1544	-2.9299	-3.3227	-1.787	-2.7194	-2.8804	-2.9025	-1.1424	-3.2271	-0.71505	-1.4852	-0.56875	-1.2632	-3.3067	-0.4425	-1.436	-3.9289	-2.9378	-2.9421	-4.1134	-2.9061	-4.5679	-2.861	-9.1466	-4.8807	-7.2652	-7.7132
-1.7761	-4.847	-4.1914	-3.9091	-2.7782	-4.3019	-2.0283	-3.3019	-4.6983	-4.3383	-1.392	-2.6819	1.2496	-1.2342	-4.0749	-3.9192	-0.58746	-2.1726	-2.3189	-3.1623	-3.2381	-4.0847	-4.7754	-2.9568	-4.136	-3.4749	-6.4014	-3.9877	-5.4093	-8.3922
-3.2165	-5.6111	-4.598	-3.2063	-3.6577	-5.4994	-2.806	-1.1359	-2.0366	-3.7645	-2.7655	-3.3091	-1.7184	-1.27	-2.3125	-5.8377	-4.6381	-2.9728	-3.6746	-2.7366	-2.9337	-1.0262	-7.5587	-2.2527	-3.5821	-1.3829	-5.0446	-6.9601	-8.4916	-10.361
-2.5563	-3.0004	-1.304	-0.78403	-0.81992	-4.369	-1.4025	-0.93554	-1.7276	-1.983	-2.1826	-2.9542	-1.2255	-2.1863	-3.5271	-5.5918	-0.4546	-1.4265	-2.1871	-0.5834	-1.5983	-1.5623	-2.4045	-0.67168	-1.7311	-0.80656	-4.7342	-3.6507	-5.7285	-4.1767
-1.2959	-4.163	-4.7934	-1.8519	-2.7971	-3.6873	-1.6704	-2.4993	-1.2827	-2.3985	-4.0176	-3.309	-2.2377	-2.7233	-3.3589	-5.8846	-3.6369	-3.0094	-3.7916	-1.7973	-1.9664	-1.524	-3.8748	-2.6748	-3.4725	-2.1744	-4.7024	-6.2325	-7.6098	-6.383
-2.3912	-3.4825	-1.9229	-1.6731	-3.3948	-5.336	-2.3464	-3.2662	-2.22	-1.8003	-3.5087	-3.7944	-2.2786	-2.2259	-3.8116	-6.3305	-1.5376	-1.9855	-1.4531	-1.3265	-1.1843	-1.0573	-5.2432	-1.2437	-1.8436	-0.77691	-3.506	-3.5649	-2.6393	-5.3849
-1.8036	-2.8755	-2.8008	-1.8485	-1.8476	-5.9938	-0.97013	-0.54738	-0.7028	-1.6147	-2.4297	-5.317	-1.9885	-2.5153	-0.50787	-4.0115	-0.20595	-2.0032	-0.87738	-1.6979	-2.9435	0.25035	-4.9418	-1.9475	-2.3249	-1.554	-2.8314	-4.2859	-2.1223	-5.4229
-1.8705	-4.6457	-2.4912	-2.8389	-3.0036	-5.0861	-3.6647	-4.3305	-3.0183	-3.775	-1.4355	-4.1236	0.78353	-2.4397	-1.2266	-2.8102	-1.3097	-1.5943	-1.4969	-2.6716	-2.6768	-2.3846	-4.8423	-2.563	-3.65	-2.9966	-5.7075	-7.5479	-7.218	-10.976
-0.42908	-4.1523	-0.77202	-1.3998	-3.6248	-2.2764	-2.9248	-0.5428	0.17011	-1.7139	-1.8671	-3.161	-1.7879	-1.3668	-3.1192	-5.206	-2.691	-1.9543	-2.5158	-2.7245	-1.2516	-2.7917	-4.7095	-3.1461	-3.8122	-1.6241	-4.9802	-4.2609	-3.6585	-9.2585
-3.8987	-4.3172	-3.4088	-2.109	-3.3407	-3.1787	-2.5389	-1.982	-2.8743	-3.5123	-2.7203	-5.2721	-3.3268	-3.0184	-3.0586	-3.1577	-1.6459	-3.7964	-3.2566	-2.9692	-4.3445	-5.3111	-6.9109	-3.3253	-3.2043	-3.9301	-6.2577	-6.3995	-5.6695	-8.9417
1.0167	-1.3213	-2.399	0.44387	-1.6894	-2.0533	0.38121	-1.058	-0.41964	-0.90187	-3.0282	-4.9572	-3.6435	-2.4952	-3.5088	-6.691	-1.9197	-2.8461	-3.9141	-1.1591	-0.93433	-0.75821	-3.4027	-1.3566	-2.1357	-1.3016	-3.3933	-1.4914	-4.2521	-3.8614
-2.3455	-1.7733	-2.9136	-1.7915	-2.4077	-5.5384	-1.2843	-1.1553	-1.3663	-2.1616	-3.1742	-3.1622	-0.10155	-3.8669	-4.5082	-7.9494	-0.96364	-1.9745	-1.8832	-2.6376	-1.2455	-2.0468	-4.8984	-1.5695	-2.8202	-2.2688	-5.9643	-6.5185	-6.4247	-9.3023
-1.6058	-3.7396	-2.7936	-2.8301	-3.1258	-4.8524	-3.3021	-2.7764	-2.8127	-4.0268	-4.5499	-10.142	-1.2904	-6.029	-2.625	-3.7196	-2.5988	-2.3868	-0.87867	-1.955	-1.6305	-1.7674	-6.0193	-2.985	-3.6715	-0.39269	-3.9867	-5.3139	-6.1416	-7.2231
-2.6983	-4.1275	-2.4892	-2.8388	-2.4665	-3.5598	-2.0974	-2.5109	-2.4846	-1.6656	-4.1288	-4.5299	0.34637	-3.0783	-2.9147	-4.4042	-0.072913	-0.73	-2.3078	-2.5516	-2.3425	-1.9343	-4.9035	-2.9124	-2.7934	-1.8186	-7.06	-5.7424	-6.2455	-7.6461
-2.3078	-4.9702	-3.7736	-3.8138	-3.1119	-4.5462	-3.3514	-2.9903	-3.1069	-4.9548	-3.7553	-5.9427	-1.2637	-4.2608	-4.312	-7.3104	-1.6192	-2.4503	-2.9588	-2.2964	-1.0656	-1.8807	-3.4344	-2.7292	-2.0984	-1.5984	-6.3427	-6.4046	-7.2375	-7.9308
-2.7753	-4.8975	-1.9091	-3.1524	-3.6334	-7.9941	-4.7581	0.86523	-2.5034	-2.6471	-2.8167	-2.8097	-2.223	-2.8809	-2.5595	-4.7433	-1.872	-2.5207	-1.9324	-3.4801	-1.6246	-1.3147	-3.9426	-2.54	-4.1255	-2.4105	-5.8265	-7.4529	-4.9819	-8.6239
-2.5003	-3.0353	-3.5837	-2.7613	-3.2377	-3.6811	-1.9684	-2.2509	-2.5405	-1.6016	-4.5002	-4.5242	-0.87761	-3.2622	-1.8328	-5.0134	-2.905	-0.97922	-2.6328	-1.8609	-3.622	-2.706	-3.4606	-2.1993	-2.6615	-2.1722	-5.8902	-9.1125	-9.6647	-12.163
-4.7475	-4.6238	-4.7091	-3.3088	-3.2134	-5.7167	-4.25	-2.0629	-2.4472	-4.6062	-3.2687	-4.4274	-2.2032	-2.1035	-4.2394	-5.4721	-2.3521	-2.2589	-2.6062	-4.1845	-1.3435	-2.1602	-6.6545	-2.9231	-4.9475	-3.0718	-6.1987	-5.8722	-6.0946	-6.798
-2.3507	-2.498	-2.0171	-1.9415	-1.5648	-2.6186	-2.4079	0.15769	-1.2989	-1.898	-2.339	-5.2866	0.31527	-3.5313	-2.3149	-4.6119	-0.55552	-1.5861	-2.6102	-2.3527	-1.3293	-1.6112	-3.6767	-0.7943	-2.5369	0.12697	-4.6408	-5.1876	-4.3612	-8.1048
-1.6563	-0.53563	-3.7056	-3.1372	-2.4439	-4.5072	-2.8136	-1.9162	-3.0567	-1.9768	-2.3183	-3.9569	-3.1634	-3.1111	-3.1476	-7.2193	-1.484	-3.0196	-3.711	-2.3473	-2.9226	-1.424	-5.0519	-2.7135	-1.4679	-2.9211	-4.8332	-4.788	-5.3063	-2.9792
0.098751	-2.0294	-0.90741	-0.077165	-1.0391	-4.0586	-1.3705	-1.9244	-0.50985	-1.3767	-1.1424	-4.1905	0.29042	-2.986	-1.0807	-4.859	-0.26764	-1.9708	-1.0096	-1.5837	-2.5165	-0.66328	-3.036	-1.6053	-1.6785	-1.6755	-5.0175	-6.1907	-6.6039	-7.5241
-1.5826	-3.3214	-2.486	-2.6435	-2.0934	-3.6902	-2.7935	-3.0861	-1.8448	-2.9054	-4.2491	-3.4736	-0.96146	-2.3075	-2.9633	-5.8215	-2.7454	-0.6636	-2.005	-2.6428	-0.81681	-0.36652	-2.182	-0.21641	-1.2025	-0.21414	-4.2257	-5.0767	-7.1569	-3.3893
0.63113	-0.46532	-2.4761	-2.554	-2.167	-3.8116	-2.4886	-3.1967	-2.8494	-1.9403	-4.3758	-4.1449	-1.1914	-4.0497	-4.1183	-6.2825	-3.9444	-2.2741	-2.9854	-3.1278	-2.1568	-1.2769	-6.9766	-1.0646	-3.6351	-3.3497	-4.7718	-4.3773	-4.6409	-7.7111
-2.103	-5.1054	-3.1749	-1.6838	-2.5511	-2.5593	-1.6025	-2.755	-1.6797	-2.5089	-3.4329	-3.8238	-1.6226	-3.2283	-3.1146	-6.7891	-0.6417	-3.1833	-4.2698	-1.4872	-2.3635	-2.4598	-4.0011	-1.4751	-2.3152	-1.8168	-6.4523	-8.6093	-8.1093	-12.478
0.0023351	-1.9807	-1.047	-2.7374	-1.2502	-3.0371	-0.60118	-1.3044	-2.2926	-2.1012	-2.8431	-4.8212	-1.7386	-2.6898	-0.54127	-4.0448	-2.9737	-0.47758	0.90877	-2.5645	-3.5068	-1.8931	-5.61	-2.4476	-3.0742	-1.5431	-6.0063	-6.3224	-6.3058	-12.768
-1.5551	-3.2154	0.36854	-1.0299	-1.4161	-2.2957	-1.4361	0.97376	-1.6816	-1.797	-1.1172	-2.6163	-1.3082	-0.42842	-2.1782	-3.716	-1.5617	-0.039352	-0.54077	-0.81846	-2.0662	-1.7547	-3.4167	-1.3462	-2.725	-0.98484	-2.3989	-7.307	-6.7148	-7.918
-2.4351	-4.2942	-3.1092	-1.4842	-2.1422	-5.2469	-3.0948	-3.6721	-2.6745	-4.2859	-1.3599	-2.1695	0.16605	-0.51034	-0.54797	-4.0496	-1.8124	-1.5979	-3.2766	-3.0312	-3.3351	-2.5484	-4.2149	-2.3552	-3.838	-2.4204	-6.0718	-8.3721	-9.9337	-13.217
-2.2813	-2.7429	-1.516	-2.4772	-2.2967	-5.3283	-1.3374	-2.1582	-1.7732	-3.1738	-2.113	-1.5767	-2.6764	-1.199	-3.3318	-3.8156	-1.6053	-2.125	-0.64577	-3.4377	-1.4269	-0.10072	-3.1276	-0.62467	-2.1514	-0.63568	-6.7155	-6.1354	-5.9055	-10.341
0.87693	0.015374	-1.9747	-0.76259	-2.0376	-2.7104	-0.94148	-0.87293	0.040756	-0.56374	-1.7382	-1.2884	-1.2379	-0.74101	-0.2421	-4.8	-1.6705	-1.5997	-2.852	-0.80132	-1.382	-2.6905	-3.9535	-1.0158	-1.5603	-1.49	-4.8215	-6.803	-6.8604	-8.8079
-2.7683	-2.408	-0.98229	-1.0023	-1.0367	-4.762	-0.55314	-2.2446	-2.0482	-1.6943	-1.8321	-4.0992	-2.4207	-3.2467	-4.2762	-6.8907	-2.4676	-2.9125	-3.4436	-1.7588	-2.0583	-2.4098	-3.9893	-0.86899	-2.5023	-1.1995	-6.445	-6.2953	-3.9751	-8.571
-2.5755	-2.0574	-2.391	-2.0614	-1.8491	-3.6226	-2.0885	-3.139	-1.7005	-3.6915	-1.4765	-3.9833	-0.33903	-2.8425	-0.83705	-3.3204	-2.2288	-1.1233	-1.6243	-2.4533	-2.0204	-0.99996	-3.0705	-1.6715	-2.6934	-1.7374	-5.8916	-4.5362	-4.8561	-6.1999
-1.6802	-2.2754	-1.948	-0.91931	-1.669	-3.9846	-1.6635	-1.7767	-2.3536	-2.4026	-2.7239	-2.8325	-0.76265	-2.3414	-2.7273	-6.7733	-2.509	-2.1083	-1.9584	-1.2563	-2.3824	-3.5055	-4.6607	-1.559	-1.9028	-1.4999	-3.1555	-6.1955	-6.3077	-8.5031
-1.693	-3.3042	-1.8908	-0.86606	-1.6055	-2.2799	-1.3822	-2.0216	-1.4288	-1.1454	-3.6732	-3.2917	-0.096706	-2.6896	-3.7916	-6.1617	-1.9608	-1.631	-2.5937	-2.446	-2.1138	-1.5299	-4.2857	-1.9028	-3.1874	-2.8589	-3.5373	-4.4013	-5.8651	-5.5
-2.2544	-3.5333	-2.1464	-1.9439	-2.211	-3.3879	-2.7344	-0.50506	-1.8705	-2.3651	-3.0365	-3.2524	0.57075	-3.2062	-1.8323	-5.758	-2.0205	-0.38875	-1.6454	-3.1981	-0.78817	-2.4198	-5.505	-1.5105	-2.8188	-1.8534	-4.9063	-5.2086	-5.5186	-8.411
-2.3728	-3.3575	-2.8071	-2.4625	-3.163	-5.6043	-3.0001	-1.7409	-2.3316	-2.9043	-2.6491	-4.6757	-2.4713	-3.4203	-2.1046	-4.8679	-1.8406	-1.372	-1.8594	-2.8035	-1.2567	-2.0979	-4.4323	-1.3433	-2.9778	-2.48	-5.2126	-5.0185	-6.4857	-7.3515
-1.2378	0.0066184	-2.2941	-1.3095	0.45189	-3.8348	-2.0192	-1.2028	-0.89581	-2.1213	-1.6089	-3.3556	-2.5926	-1.9596	-1.5175	-3.5023	-1.6921	-1.2487	-0.47274	-1.1459	-1.4055	-0.51783	-3.0791	0.44314	-2.0343	-1.6863	-4.1651	-4.111	-5.1889	-5.6848
-1.5663	-4.0862	-2.1884	-1.0206	-1.2061	-3.9751	-0.22436	-0.53172	-1.0548	-2.5225	-0.72869	-2.7691	-1.452	-1.5671	-2.6998	-4.4752	-0.48633	-1.5779	-0.59273	-1.8118	-2.5136	-2.2548	-5.429	-2.2258	-2.8218	-1.1275	-4.8184	-3.8369	-5.4597	-5.6694
-0.45785	-3.2007	-2.0147	-2.3354	-1.8596	-4.6415	-2.1621	-2.1771	-1.644	-2.8894	-1.0446	-3.1165	-2.5763	-3.3888	-3.2935	-5.0906	-1.7179	-2.2166	-3.4294	-3.4462	-2.3734	-3.6311	-3.76	-3.5661	-3.1032	-3.4	-4.4196	-6.9908	-5.3543	-8.5242
-2.9676	-6.1488	-2.7012	-3.6306	-4.4298	-5.4837	-3.9118	-2.9168	-1.9329	-3.0072	-0.92185	-6.708	-1.6402	-3.0326	-2.3416	-2.2281	-2.3623	-2.5775	-1.7462	-4.2759	-0.97573	-0.90306	-1.7647	-0.94617	-2.2087	-0.86835	-5.7729	-4.2637	-6.3917	-6.1333
-1.9273	-2.4876	-1.377	-2.1151	-2.1068	-3.9802	-3.1476	-0.97048	-1.8498	-1.3176	-2.7071	-3.4943	-1.973	-2.0313	-1.2335	-3.6213	-1.8907	-3.4104	-2.5329	-1.8639	-1.6249	-0.067914	-3.0345	-1.0641	-1.2289	-2.2039	-3.5706	-4.8315	-5.421	-11.214
-1.2806	-4.2782	-3.6612	-2.2146	-2.9124	-4.5404	-3.5757	-3.0388	-3.7544	-3.1838	-2.3863	-5.2609	-1.8243	-0.49017	-2.4154	-4.6427	-0.62833	-1.1164	-1.9224	-2.4268	-2.0652	-0.9199	-3.6693	-0.69187	-2.1429	-0.94951	-5.0946	-4.9868	-6.9245	-9.1376
-3.2748	-2.8249	-3.2869	-3.754	-2.4074	-7.2882	-4.681	-2.0463	-2.5173	-2.7008	-2.8697	-4.1931	-0.58873	-1.3164	-2.9159	-8.5781	-3.1073	-2.0227	-2.7358	-2.9099	-1.8557	-1.6356	-2.8022	-2.6933	-2.3939	-2.3785	-1.836	-4.0476	-3.449	-7.2114
-0.93975	-0.77747	-2.6419	-2.6544	-1.6373	-4.5676	-1.2209	-2.0866	-2.5267	-2.0806	-2.4919	-4.5153	-0.84349	-3.088	-2.0373	-2.6589	-2.2743	-2.1989	-1.5759	-1.8811	-1.6349	-1.6631	-4.055	-2.4891	-2.8756	-1.6653	-5.0768	-4.3568	-5.2353	-8.0389
-3.9275	-4.2476	-2.9602	-2.8948	-4.7468	-4.7475	-3.0427	-2.4738	-3.126	-2.7527	-1.6153	-3.6502	-1.1593	-2.8603	-2.9463	-2.8431	-3.8462	-3.095	-0.1109	-3.129	-1.9298	-0.72423	-6.0685	-0.35139	-2.0061	-1.9998	-6.2726	-4.4614	-5.3968	-8.569
-2.2444	-2.7606	-2.8555	-1.7133	-1.8579	-2.4159	-2.4711	-0.9513	-1.1764	-1.6451	-2.0522	-3.8407	-2.9529	-1.393	-2.4923	-3.9075	-0.98385	-2.0143	-1.768	-1.9056	-0.23899	-1.5678	-0.72198	-0.13804	-0.12419	-0.88724	-0.64171	-5.6963	-5.8642	-9.2249
-1.4026	-3.0769	-2.4339	-2.2698	-2.3443	-5.7284	-2.7628	-3.4636	-1.9903	-2.1967	-1.9214	-0.89689	-0.39132	-1.1324	-0.32151	-2.1129	-1.482	-0.24958	-0.24381	-0.99855	-2.4999	-1.0232	-2.7038	-2.2606	-3.2886	-1.8492	-5.4842	-4.9561	-4.9817	-8.0184
-2.6721	-3.3509	-1.9068	-1.3694	-3.5058	-5.0411	-2.3494	-0.55648	-2.3717	-2.6328	-3.0115	-4.6842	-2.209	-2.3523	-4.3768	-3.7354	-4.2263	-2.0953	-1.4485	-2.5166	-2.1463	-2.3542	-4.7254	-1.8801	-2.6584	-1.31	-4.7517	-3.4036	-4.7974	-5.0956
-2.0826	-2.9162	-2.1263	-1.6616	-2.2508	-2.5151	-2.0858	-1.2249	-2.4079	-1.2006	-1.7108	-4.4352	-2.5667	-2.8241	-2.4007	-4.7473	-1.5482	-2.5209	-2.2552	-2.125	-2.5776	-1.2782	-4.19	-2.0948	-2.636	-1.881	-4.483	-6.8681	-5.6124	-10.936
-1.6662	-1.5733	-0.20442	-1.8623	0.18723	-2.1873	-2.0218	0.11996	-0.72182	-1.5291	-2.0706	-4.5724	-5.0395	-2.6577	-4.615	-6.9809	-2.0943	-2.6331	-2.5108	-1.2514	-1.8492	0.29932	-4.0484	-0.75986	-0.76546	-1.823	-0.54757	-5.5225	-2.8566	-5.7503
-3.0483	-5.954	-3.8553	-2.9869	-3.071	-4.6853	-3.4967	-2.7659	-1.4944	-3.0559	-2.5533	-4.0175	-0.20038	-2.7216	-2.072	-6.3041	-2.6932	-2.26	-4.0041	-1.6697	-0.66073	-1.8027	-2.5152	-0.305	-2.3683	-2.2389	-4.9351	-3.9492	-5.2192	-6.3699
-0.84629	-3.6003	-3.3331	-2.3395	-2.1411	-3.8831	-2.7754	-2.5834	-2.1528	-2.6254	-2.6342	-4.7116	-2.5928	-2.4473	-2.1689	-5.7814	-2.6844	-1.8695	-2.9349	-0.83233	-2.3886	-1.6865	-4.8739	-2.1658	-2.368	-1.0257	-3.6146	-6.2287	-6.2665	-8.1119
-3.5885	-1.8056	-2.0252	-3.3046	-1.958	-5.0829	-3.2233	-1.1652	-2.179	-2.0971	-0.54765	-3.0044	-1.0087	-2.0389	0.057042	-3.0599	-0.020971	-0.18428	-0.23725	-1.7713	-1.8454	-0.70899	-2.6038	-1.2266	-1.6789	-1.3974	-4.5075	-5.3235	-3.0104	-5.9908
-2.0541	-2.5749	-1.737	-3.2416	-2.0483	-4.919	-3.9501	-2.2704	-1.143	-2.4422	-3.0814	-2.2991	-0.86664	-2.3789	-2.6493	-6.323	-3.675	-2.9492	-2.8894	-3.5193	-2.5783	-2.3496	-4.467	-3.6454	-3.3796	-2.7495	-5.4152	-4.013	-5.1589	-7.353
-1.8565	-1.9655	-2.0873	-2.3746	-3.4074	-4.5471	-3.322	-1.5324	-2.8851	-3.4991	-1.8343	-0.20864	-2.4152	-2.4837	-5.6098	-9.7496	-1.5704	-3.0394	-3.841	-1.9364	-0.66137	-2.829	-3.0218	-2.2545	-2.949	-3.8298	-5.485	-4.6061	-4.59	-8.592
-1.561	-5.3145	-2.3436	-2.5601	-2.271	-2.1304	-2.542	-0.70476	-1.7102	-1.6188	-0.62986	-3.0159	1.6633	-2.4878	-1.2851	-1.5954	-2.8548	-1.1589	-1.5528	-2.338	-1.4315	-1.8381	-3.8879	-0.014332	-1.0204	-0.20554	-3.6835	-4.7573	-3.5986	-5.992
-0.79527	-1.4457	-2.7303	-2.9842	-3.0228	-4.682	-1.873	-0.43267	-1.7632	-1.6536	-3.2132	-1.623	-1.4185	-0.939	-2.678	-7.1025	-3.1705	-3.4772	-3.1511	-2.9654	-2.3192	-1.3411	-3.4944	-1.3983	-2.0044	-1.8843	-6.3769	-4.7338	-6.4952	-8.765
-0.27497	1.1272	-1.9023	-1.2458	0.34101	-4.3328	-2.9887	-1.4293	-0.28341	0.756	1.325	-0.9203	0.50577	-0.47241	-2.5023	-4.1115	-0.42322	-0.70454	-0.13957	-1.3447	0.26971	0.1061	-1.857	-1.3911	-1.0272	0.025926	-5.2149	-3.7628	-3.6594	-5.4101
-0.94364	-1.4659	-1.3782	-0.99636	-1.1809	-1.2672	-1.4045	0.054719	-1.6051	-0.69291	-1.9657	-2.3819	-1.693	-1.9179	-2.485	-4.7355	-0.79065	-1.4028	-0.79928	-1.2795	-0.1624	0.96843	-2.8828	-1.0877	-0.57846	-0.51217	-3.3528	-1.2622	-2.9341	-5.1811
-1.6978	-2.3916	-2.0826	-1.541	-2.9439	-2.8868	-1.9533	-3.8948	-3.1005	-1.6592	-4.419	-6.0357	-4.4924	-3.9025	-3.2553	-4.9873	-4.2353	-4.1072	-2.4027	-2.5747	-2.717	-1.2794	-4.6297	-2.6739	-3.1872	-2.0291	-4.2533	-5.0775	-5.4422	-9.9779
-0.72844	-1.9558	-2.0256	-1.1188	-1.2402	-0.83555	-1.0462	-0.03567	-0.011237	-1.4215	-0.54182	-0.23956	1.5576	-1.3862	-2.2659	-4.2762	-3.241	-2.1203	-3.5192	-1.0345	-1.6472	1.1969	-1.8333	0.073906	-0.82764	-1.1176	-1.9926	-3.5473	-2.9786	-4.9148
-0.67361	-2.9807	-1.7728	-2.222	-2.1261	-1.7772	-2.4147	-1.7907	-1.9526	-1.9083	-2.2492	-3.086	-3.1261	-3.2409	-4.1104	-5.5231	-2.3558	-4.1912	-4.2757	-2.8446	-2.0085	-1.951	-4.4256	-3.1004	-3.5686	-3.4529	-5.1694	-6.2978	-3.7579	-12.468
-2.3123	-6.1994	-3.7897	-3.0097	-3.2082	-3.9977	-4.121	-2.1967	-2.0088	-3.9996	-1.4718	-4.7588	-2.4322	-2.3513	-1.819	-3.8532	-1.6699	-1.4792	-2.0717	-2.3161	-1.4199	-2.9565	-4.5718	-1.3794	-3.0982	-2.3099	-5.704	-4.3073	-6.9561	-5.8281
-0.44324	-0.82481	-2.1456	-2.342	-0.71713	-2.5274	-1.3269	-1.2605	-1.0077	-1.2547	-0.75544	-2.0339	-0.78259	-0.37002	-0.03657	-3.044	-0.07949	-1.1705	-0.091581	-2.1257	-1.5367	-0.77431	-3.1637	-2.9455	-3.8141	-2.2766	-4.2613	-4.9516	-5.4205	-7.8914
