-0.019105	-0.030306	-0.036557	-0.022631	-0.027924	-0.025801	-0.017967	-0.023806	-0.019052	-0.023085	-0.017241	0.0044188	-0.018332	-0.0082833	-0.012716	-0.0084122	-0.011501	-0.012526	-0.014911	-0.022667	-0.014117	-0.01803	-0.012662	-0.013109	-0.01597	-0.015868	-0.028057	-0.20506	-0.11521	-0.4356
0	0	0	0	0	0	0	0	0	0	0	0	0	0	0	0	0	0	0	0	0	0	0	0	0	0	0	0	0	0
0	0	0	0	0	0	0	0	0	0	0	0	0	0	0	0	0	0	0	0	0	0	0	0	0	0	0	0	0	0
0	0	0	0	0	0	0	0	0	0	0	0	0	0	0	0	0	0	0	0	0	0	0	0	0	0	0	0	0	0
0	0	0	0	0	0	0	0	0	0	0	0	0	0	0	0	0	0	0	0	0	0	0	0	0	0	0	0	0	0
0	0	0	0	0	0	0	0	0	0	0	0	0	0	0	0	0	0	0	0	0	0	0	0	0	0	0	0	0	0
0	0	0	0	0	0	0	0	0	0	0	0	0	0	0	0	0	0	0	0	0	0	0	0	0	0	0	0	0	0
0	0	0	0	0	0	0	0	0	0	0	0	0	0	0	0	0	0	0	0	0	0	0	0	0	0	0	0	0	0
0	0	0	0	0	0	0	0	0	0	0	0	0	0	0	0	0	0	0	0	0	0	0	0	0	0	0	0	0	0
0	0	0	0	0	0	0	0	0	0	0	0	0	0	0	0	0	0	0	0	0	0	0	0	0	0	0	0	0	0
0	0	0	0	0	0	0	0	0	0	0	0	0	0	0	0	0	0	0	0	0	0	0	0	0	0	0	0	0	0
0	0	0	0	0	0	0	0	0	0	0	0	0	0	0	0	0	0	0	0	0	0	0	0	0	0	0	0	0	0
0	0	0	0	0	0	0	0	0	0	0	0	0	0	0	0	0	0	0	0	0	0	0	0	0	0	0	0	0	0
0	0	0	0	0	0	0	0	0	0	0	0	0	0	0	0	0	0	0	0	0	0	0	0	0	0	0	0	0	0
0	0	0	0	0	0	0	0	0	0	0	0	0	0	0	0	0	0	0	0	0	0	0	0	0	0	0	0	0	0
0	0	0	0	0	0	0	0	0	0	0	0	0	0	0	0	0	0	0	0	0	0	0	0	0	0	0	0	0	0
0	0	0	0	0	0	0	0	0	0	0	0	0	0	0	0	0	0	0	0	0	0	0	0	0	0	0	0	0	0
0	0	0	0	0	0	0	0	0	0	0	0	0	0	0	0	0	0	0	0	0	0	0	0	0	0	0	0	0	0
0	0	0	0	0	0	0	0	0	0	0	0	0	0	0	0	0	0	0	0	0	0	0	0	0	0	0	0	0	0
0	0	0	0	0	0	0	0	0	0	0	0	0	0	0	0	0	0	0	0	0	0	0	0	0	0	0	0	0	0
0	0	0	0	0	0	0	0	0	0	0	0	0	0	0	0	0	0	0	0	0	0	0	0	0	0	0	0	0	0
0	0	0	0	0	0	0	0	0	0	0	0	0	0	0	0	0	0	0	0	0	0	0	0	0	0	0	0	0	0
0	0	0	0	0	0	0	0	0	0	0	0	0	0	0	0	0	0	0	0	0	0	0	0	0	0	0	0	0	0
0	0	0	0	0	0	0	0	0	0	0	0	0	0	0	0	0	0	0	0	0	0	0	0	0	0	0	0	0	0
0	0	0	0	0	0	0	0	0	0	0	0	0	0	0	0	0	0	0	0	0	0	0	0	0	0	0	0	0	0
0.030848	0.026153	0.023565	0.038302	0.023837	0.13493	0.042669	0.021352	0.029151	0.042812	0.0012195	-0.0065524	0.0013879	0.0010752	0.004956	0.0036088	0.0033187	0.0034648	0.0054016	0.021756	0.010866	0.01074	0.0077331	0.009419	0.011759	0.011955	0.021625	0.011286	0.012937	0.015678
0	0	0	0	0	0	0	0	0	0	0	0	0	0	0	0	0	0	0	0	0	0	0	0	0	0	0	0	0	0
0	0	0	0	0	0	0	0	0	0	0	0	0	0	0	0	0	0	0	0	0	0	0	0	0	0	0	0	0	0
0	0	0	0	0	0	0	0	0	0	0	0	0	0	0	0	0	0	0	0	0	0	0	0	0	0	0	0	0	0
0	0	0	0	0	0	0	0	0	0	0	0	0	0	0	0	0	0	0	0	0	0	0	0	0	0	0	0	0	0
0	0	0	0	0	0	0	0	0	0	0	0	0	0	0	0	0	0	0	0	0	0	0	0	0	0	0	0	0	0
0	0	0	0	0	0	0	0	0	0	0	0	0	0	0	0	0	0	0	0	0	0	0	0	0	0	0	0	0	0
0	0	0	0	0	0	0	0	0	0	0	0	0	0	0	0	0	0	0	0	0	0	0	0	0	0	0	0	0	0
0	0	0	0	0	0	0	0	0	0	0	0	0	0	0	0	0	0	0	0	0	0	0	0	0	0	0	0	0	0
-0.011957	-0.017533	-0.0079089	-0.023554	-0.013405	-0.0092268	-0.011445	-0.011487	-0.012736	-0.010796	-0.10224	-0.075735	-0.090247	-0.094055	-0.18928	-0.4555	-0.073883	-0.099385	-0.15675	-0.017105	-0.024976	-0.023693	-0.037816	-0.023931	-0.0218	-0.050152	-0.010515	-0.0019694	0.0089801	-0.013069
0	0	0	0	0	0	0	0	0	0	0	0	0	0	0	0	0	0	0	0	0	0	0	0	0	0	0	0	0	0
0.0019351	0.0040874	0.0024023	0.0054395	0.0030239	-0.007103	0.00081451	0.0032896	0.0026637	0.00084677	0.064097	0.19079	0.030667	0.087857	0.039688	0.032111	0.029071	0.033528	0.025669	0.0036818	0.009525	0.0068627	0.016207	0.0073001	0.0069466	0.012234	0.0019642	0.0001607	0.00324	-0.0029107
0	0	0	0	0	0	0	0	0	0	0	0	0	0	0	0	0	0	0	0	0	0	0	0	0	0	0	0	0	0
0	0	0	0	0	0	0	0	0	0	0	0	0	0	0	0	0	0	0	0	0	0	0	0	0	0	0	0	0	0
0	0	0	0	0	0	0	0	0	0	0	0	0	0	0	0	0	0	0	0	0	0	0	0	0	0	0	0	0	0
0	0	0	0	0	0	0	0	0	0	0	0	0	0	0	0	0	0	0	0	0	0	0	0	0	0	0	0	0	0
0	0	0	0	0	0	0	0	0	0	0	0	0	0	0	0	0	0	0	0	0	0	0	0	0	0	0	0	0	0
0	0	0	0	0	0	0	0	0	0	0	0	0	0	0	0	0	0	0	0	0	0	0	0	0	0	0	0	0	0
0	0	0	0	0	0	0	0	0	0	0	0	0	0	0	0	0	0	0	0	0	0	0	0	0	0	0	0	0	0
0	0	0	0	0	0	0	0	0	0	0	0	0	0	0	0	0	0	0	0	0	0	0	0	0	0	0	0	0	0
0	0	0	0	0	0	0	0	0	0	0	0	0	0	0	0	0	0	0	0	0	0	0	0	0	0	0	0	0	0
0	0	0	0	0	0	0	0	0	0	0	0	0	0	0	0	0	0	0	0	0	0	0	0	0	0	0	0	0	0
0	0	0	0	0	0	0	0	0	0	0	0	0	0	0	0	0	0	0	0	0	0	0	0	0	0	0	0	0	0
0	0	0	0	0	0	0	0	0	0	0	0	0	0	0	0	0	0	0	0	0	0	0	0	0	0	0	0	0	0
0	0	0	0	0	0	0	0	0	0	0	0	0	0	0	0	0	0	0	0	0	0	0	0	0	0	0	0	0	0
0	0	0	0	0	0	0	0	0	0	0	0	0	0	0	0	0	0	0	0	0	0	0	0	0	0	0	0	0	0
0	0	0	0	0	0	0	0	0	0	0	0	0	0	0	0	0	0	0	0	0	0	0	0	0	0	0	0	0	0
0	0	0	0	0	0	0	0	0	0	0	0	0	0	0	0	0	0	0	0	0	0	0	0	0	0	0	0	0	0
0	0	0	0	0	0	0	0	0	0	0	0	0	0	0	0	0	0	0	0	0	0	0	0	0	0	0	0	0	0
0	0	0	0	0	0	0	0	0	0	0	0	0	0	0	0	0	0	0	0	0	0	0	0	0	0	0	0	0	0
-0.039295	-0.10825	-0.019356	-0.023977	-0.035804	-0.020797	-0.024392	-0.015989	-0.020325	-0.027872	-0.0046255	-0.0029984	-0.0055072	-0.0056088	-0.0072231	-0.0054533	-0.0058437	-0.0085984	-0.0067728	-0.014755	-0.010723	-0.01098	-0.0081945	-0.0087065	-0.010174	-0.010263	-0.01467	-0.0099752	-0.011049	-0.014644
0	0	0	0	0	0	0	0	0	0	0	0	0	0	0	0	0	0	0	0	0	0	0	0	0	0	0	0	0	0
0	0	0	0	0	0	0	0	0	0	0	0	0	0	0	0	0	0	0	0	0	0	0	0	0	0	0	0	0	0
-0.16145	-0.44679	-0.077165	-0.091573	-0.14505	-0.098695	-0.10085	-0.061616	-0.080799	-0.11537	0.085082	0.29837	0.026908	0.11968	0.034421	0.029487	0.022897	0.018622	0.013462	-0.055808	-0.029397	-0.03481	-0.0079147	-0.024574	-0.031299	-0.023055	-0.058249	-0.041524	-0.041005	-0.066087
0	0	0	0	0	0	0	0	0	0	0	0	0	0	0	0	0	0	0	0	0	0	0	0	0	0	0	0	0	0
-0.038443	-0.048262	-0.1408	-0.050438	-0.058124	-0.044933	-0.03699	-0.077274	-0.046538	-0.0571	-0.01311	-0.010381	-0.0087057	-0.011531	-0.0067938	0.0122	-0.01034	-0.0093014	-0.0093248	-0.035804	-0.026764	-0.026191	-0.019705	-0.021787	-0.02746	-0.023458	-0.055621	-0.31467	-0.61167	-0.24316
0	0	0	0	0	0	0	0	0	0	0	0	0	0	0	0	0	0	0	0	0	0	0	0	0	0	0	0	0	0
0	0	0	0	0	0	0	0	0	0	0	0	0	0	0	0	0	0	0	0	0	0	0	0	0	0	0	0	0	0
0	0	0	0	0	0	0	0	0	0	0	0	0	0	0	0	0	0	0	0	0	0	0	0	0	0	0	0	0	0
0	0	0	0	0	0	0	0	0	0	0	0	0	0	0	0	0	0	0	0	0	0	0	0	0	0	0	0	0	0
0	0	0	0	0	0	0	0	0	0	0	0	0	0	0	0	0	0	0	0	0	0	0	0	0	0	0	0	0	0
0	0	0	0	0	0	0	0	0	0	0	0	0	0	0	0	0	0	0	0	0	0	0	0	0	0	0	0	0	0
0	0	0	0	0	0	0	0	0	0	0	0	0	0	0	0	0	0	0	0	0	0	0	0	0	0	0	0	0	0
-0.029926	-0.082439	-0.014741	-0.01826	-0.027267	-0.015839	-0.018576	-0.012177	-0.015479	-0.021226	-0.0035227	-0.0022835	-0.0041941	-0.0042715	-0.0055009	-0.0041531	-0.0044504	-0.0065482	-0.005158	-0.011237	-0.0081666	-0.0083618	-0.0062407	-0.0066306	-0.0077484	-0.0078162	-0.011172	-0.0075968	-0.0084148	-0.011153
-0.070701	-0.078289	-0.080184	-0.091664	-0.08934	-0.091774	-0.074173	-0.1135	-0.081172	-0.11001	-0.015501	-0.0076898	0.049959	-0.014447	-0.015925	-0.017454	-0.024323	-0.0036425	-0.034982	-0.15819	-0.099252	-0.14686	-0.09324	-0.11566	-0.18643	-0.10787	-0.68963	-0.075483	-0.06796	-0.072353
0.031161	0.085842	0.015349	0.019014	0.028392	0.016492	0.019343	0.012679	0.016118	0.022103	0.003668	0.0023777	0.0043672	0.0044478	0.0057279	0.0043245	0.004634	0.0068185	0.0053709	0.011701	0.0085037	0.0087069	0.0064983	0.0069042	0.0080682	0.0081388	0.011633	0.0079103	0.0087621	0.011613
0	0	0	0	0	0	0	0	0	0	0	0	0	0	0	0	0	0	0	0	0	0	0	0	0	0	0	0	0	0
0	0	0	0	0	0	0	0	0	0	0	0	0	0	0	0	0	0	0	0	0	0	0	0	0	0	0	0	0	0
0	0	0	0	0	0	0	0	0	0	0	0	0	0	0	0	0	0	0	0	0	0	0	0	0	0	0	0	0	0
0	0	0	0	0	0	0	0	0	0	0	0	0	0	0	0	0	0	0	0	0	0	0	0	0	0	0	0	0	0
0	0	0	0	0	0	0	0	0	0	0	0	0	0	0	0	0	0	0	0	0	0	0	0	0	0	0	0	0	0
0.023398	0.031788	0.02388	0.031799	0.029371	0.024726	0.022476	0.037003	0.03079	0.027764	0.016581	0.014575	0.009705	0.018762	0.020897	0.021335	0.023953	0.018013	0.034815	0.045786	0.093096	0.23447	0.060337	0.097398	0.093147	0.087638	0.07967	0.018456	0.01736	0.025224
0	0	0	0	0	0	0	0	0	0	0	0	0	0	0	0	0	0	0	0	0	0	0	0	0	0	0	0	0	0
0	0	0	0	0	0	0	0	0	0	0	0	0	0	0	0	0	0	0	0	0	0	0	0	0	0	0	0	0	0
0	0	0	0	0	0	0	0	0	0	0	0	0	0	0	0	0	0	0	0	0	0	0	0	0	0	0	0	0	0
0	0	0	0	0	0	0	0	0	0	0	0	0	0	0	0	0	0	0	0	0	0	0	0	0	0	0	0	0	0
0	0	0	0	0	0	0	0	0	0	0	0	0	0	0	0	0	0	0	0	0	0	0	0	0	0	0	0	0	0
0	0	0	0	0	0	0	0	0	0	0	0	0	0	0	0	0	0	0	0	0	0	0	0	0	0	0	0	0	0
0	0	0	0	0	0	0	0	0	0	0	0	0	0	0	0	0	0	0	0	0	0	0	0	0	0	0	0	0	0
0	0	0	0	0	0	0	0	0	0	0	0	0	0	0	0	0	0	0	0	0	0	0	0	0	0	0	0	0	0
0	0	0	0	0	0	0	0	0	0	0	0	0	0	0	0	0	0	0	0	0	0	0	0	0	0	0	0	0	0
0	0	0	0	0	0	0	0	0	0	0	0	0	0	0	0	0	0	0	0	0	0	0	0	0	0	0	0	0	0
0	0	0	0	0	0	0	0	0	0	0	0	0	0	0	0	0	0	0	0	0	0	0	0	0	0	0	0	0	0
0	0	0	0	0	0	0	0	0	0	0	0	0	0	0	0	0	0	0	0	0	0	0	0	0	0	0	0	0	0
0	0	0	0	0	0	0	0	0	0	0	0	0	0	0	0	0	0	0	0	0	0	0	0	0	0	0	0	0	0
0	0	0	0	0	0	0	0	0	0	0	0	0	0	0	0	0	0	0	0	0	0	0	0	0	0	0	0	0	0
0	0	0	0	0	0	0	0	0	0	0	0	0	0	0	0	0	0	0	0	0	0	0	0	0	0	0	0	0	0
0	0	0	0	0	0	0	0	0	0	0	0	0	0	0	0	0	0	0	0	0	0	0	0	0	0	0	0	0	0
0	0	0	0	0	0	0	0	0	0	0	0	0	0	0	0	0	0	0	0	0	0	0	0	0	0	0	0	0	0
0	0	0	0	0	0	0	0	0	0	0	0	0	0	0	0	0	0	0	0	0	0	0	0	0	0	0	0	0	0
0	0	0	0	0	0	0	0	0	0	0	0	0	0	0	0	0	0	0	0	0	0	0	0	0	0	0	0	0	0
0	0	0	0	0	0	0	0	0	0	0	0	0	0	0	0	0	0	0	0	0	0	0	0	0	0	0	0	0	0
0	0	0	0	0	0	0	0	0	0	0	0	0	0	0	0	0	0	0	0	0	0	0	0	0	0	0	0	0	0
0	0	0	0	0	0	0	0	0	0	0	0	0	0	0	0	0	0	0	0	0	0	0	0	0	0	0	0	0	0
0	0	0	0	0	0	0	0	0	0	0	0	0	0	0	0	0	0	0	0	0	0	0	0	0	0	0	0	0	0
0	0	0	0	0	0	0	0	0	0	0	0	0	0	0	0	0	0	0	0	0	0	0	0	0	0	0	0	0	0
0	0	0	0	0	0	0	0	0	0	0	0	0	0	0	0	0	0	0	0	0	0	0	0	0	0	0	0	0	0
0	0	0	0	0	0	0	0	0	0	0	0	0	0	0	0	0	0	0	0	0	0	0	0	0	0	0	0	0	0
0	0	0	0	0	0	0	0	0	0	0	0	0	0	0	0	0	0	0	0	0	0	0	0	0	0	0	0	0	0
0	0	0	0	0	0	0	0	0	0	0	0	0	0	0	0	0	0	0	0	0	0	0	0	0	0	0	0	0	0
0	0	0	0	0	0	0	0	0	0	0	0	0	0	0	0	0	0	0	0	0	0	0	0	0	0	0	0	0	0
0	0	0	0	0	0	0	0	0	0	0	0	0	0	0	0	0	0	0	0	0	0	0	0	0	0	0	0	0	0
0	0	0	0	0	0	0	0	0	0	0	0	0	0	0	0	0	0	0	0	0	0	0	0	0	0	0	0	0	0
0	0	0	0	0	0	0	0	0	0	0	0	0	0	0	0	0	0	0	0	0	0	0	0	0	0	0	0	0	0
0	0	0	0	0	0	0	0	0	0	0	0	0	0	0	0	0	0	0	0	0	0	0	0	0	0	0	0	0	0
-0.11301	-0.3113	-0.055663	-0.068953	-0.10297	-0.059809	-0.070147	-0.045982	-0.058451	-0.080155	-0.013302	-0.0086228	-0.015838	-0.01613	-0.020772	-0.015683	-0.016805	-0.024727	-0.019477	-0.042433	-0.030839	-0.031576	-0.023566	-0.025038	-0.029259	-0.029515	-0.042187	-0.028687	-0.031776	-0.042114
0	0	0	0	0	0	0	0	0	0	0	0	0	0	0	0	0	0	0	0	0	0	0	0	0	0	0	0	0	0
0	0	0	0	0	0	0	0	0	0	0	0	0	0	0	0	0	0	0	0	0	0	0	0	0	0	0	0	0	0
-0.0045189	-0.0095449	-0.00561	-0.012702	-0.0070614	0.016587	-0.0019021	-0.007682	-0.0062204	-0.0019774	-0.14968	-0.44554	-0.071614	-0.20517	-0.09268	-0.074986	-0.067887	-0.078296	-0.059944	-0.0085978	-0.022243	-0.016026	-0.037846	-0.017047	-0.016222	-0.028569	-0.0045868	-0.00037526	-0.007566	0.0067971
0	0	0	0	0	0	0	0	0	0	0	0	0	0	0	0	0	0	0	0	0	0	0	0	0	0	0	0	0	0
0	0	0	0	0	0	0	0	0	0	0	0	0	0	0	0	0	0	0	0	0	0	0	0	0	0	0	0	0	0
0	0	0	0	0	0	0	0	0	0	0	0	0	0	0	0	0	0	0	0	0	0	0	0	0	0	0	0	0	0
0	0	0	0	0	0	0	0	0	0	0	0	0	0	0	0	0	0	0	0	0	0	0	0	0	0	0	0	0	0
0	0	0	0	0	0	0	0	0	0	0	0	0	0	0	0	0	0	0	0	0	0	0	0	0	0	0	0	0	0
0	0	0	0	0	0	0	0	0	0	0	0	0	0	0	0	0	0	0	0	0	0	0	0	0	0	0	0	0	0
0	0	0	0	0	0	0	0	0	0	0	0	0	0	0	0	0	0	0	0	0	0	0	0	0	0	0	0	0	0
0	0	0	0	0	0	0	0	0	0	0	0	0	0	0	0	0	0	0	0	0	0	0	0	0	0	0	0	0	0
0	0	0	0	0	0	0	0	0	0	0	0	0	0	0	0	0	0	0	0	0	0	0	0	0	0	0	0	0	0
0	0	0	0	0	0	0	0	0	0	0	0	0	0	0	0	0	0	0	0	0	0	0	0	0	0	0	0	0	0
0	0	0	0	0	0	0	0	0	0	0	0	0	0	0	0	0	0	0	0	0	0	0	0	0	0	0	0	0	0
0	0	0	0	0	0	0	0	0	0	0	0	0	0	0	0	0	0	0	0	0	0	0	0	0	0	0	0	0	0
0	0	0	0	0	0	0	0	0	0	0	0	0	0	0	0	0	0	0	0	0	0	0	0	0	0	0	0	0	0
0	0	0	0	0	0	0	0	0	0	0	0	0	0	0	0	0	0	0	0	0	0	0	0	0	0	0	0	0	0
0	0	0	0	0	0	0	0	0	0	0	0	0	0	0	0	0	0	0	0	0	0	0	0	0	0	0	0	0	0
-0.28444	-0.78356	-0.1401	-0.17355	-0.25916	-0.15054	-0.17656	-0.11574	-0.14712	-0.20175	-0.033482	-0.021704	-0.039863	-0.040599	-0.052284	-0.039474	-0.042299	-0.062239	-0.049025	-0.1068	-0.077621	-0.079476	-0.059316	-0.063021	-0.073646	-0.07429	-0.10619	-0.072205	-0.07998	-0.106
0	0	0	0	0	0	0	0	0	0	0	0	0	0	0	0	0	0	0	0	0	0	0	0	0	0	0	0	0	0
0	0	0	0	0	0	0	0	0	0	0	0	0	0	0	0	0	0	0	0	0	0	0	0	0	0	0	0	0	0
-0.0039326	-0.0083066	-0.0048821	-0.011054	-0.0061453	0.014435	-0.0016553	-0.0066853	-0.0054134	-0.0017209	-0.13026	-0.38774	-0.062323	-0.17855	-0.080655	-0.065257	-0.05908	-0.068138	-0.052167	-0.0074823	-0.019357	-0.013947	-0.032936	-0.014836	-0.014117	-0.024862	-0.0039917	-0.00032658	-0.0065844	0.0059152
0	0	0	0	0	0	0	0	0	0	0	0	0	0	0	0	0	0	0	0	0	0	0	0	0	0	0	0	0	0
0	0	0	0	0	0	0	0	0	0	0	0	0	0	0	0	0	0	0	0	0	0	0	0	0	0	0	0	0	0
-0.029873	-0.037814	-0.031155	-0.041096	-0.03765	-0.028376	-0.027977	-0.05202	-0.047354	-0.035405	-0.07011	-0.054861	-0.054403	-0.060085	-0.062012	-0.054276	-0.15503	-0.07585	-0.064559	-0.051188	-0.13617	-0.096168	-0.56357	-0.10694	-0.16072	-0.081104	-0.08062	-0.020866	-0.020818	-0.028234
0.016565	0.020796	0.06067	0.021734	0.025046	0.019362	0.015939	0.033297	0.020053	0.024604	0.0056493	0.0044733	0.0037513	0.0049688	0.0029274	-0.0052568	0.0044554	0.004008	0.004018	0.015428	0.011533	0.011285	0.0084909	0.0093881	0.011832	0.010108	0.023967	0.13559	0.26357	0.10478
0	0	0	0	0	0	0	0	0	0	0	0	0	0	0	0	0	0	0	0	0	0	0	0	0	0	0	0	0	0
0	0	0	0	0	0	0	0	0	0	0	0	0	0	0	0	0	0	0	0	0	0	0	0	0	0	0	0	0	0
0	0	0	0	0	0	0	0	0	0	0	0	0	0	0	0	0	0	0	0	0	0	0	0	0	0	0	0	0	0
0	0	0	0	0	0	0	0	0	0	0	0	0	0	0	0	0	0	0	0	0	0	0	0	0	0	0	0	0	0
0.0024598	0.0051956	0.0030537	0.0069142	0.0038437	-0.0090288	0.0010353	0.0041815	0.0033859	0.0010764	0.081476	0.24252	0.038982	0.11168	0.050448	0.040817	0.036953	0.042619	0.032629	0.00468	0.012107	0.0087234	0.020601	0.0092793	0.00883	0.015551	0.0024967	0.00020427	0.0041184	-0.0036998
0	0	0	0	0	0	0	0	0	0	0	0	0	0	0	0	0	0	0	0	0	0	0	0	0	0	0	0	0	0
0	0	0	0	0	0	0	0	0	0	0	0	0	0	0	0	0	0	0	0	0	0	0	0	0	0	0	0	0	0
0	0	0	0	0	0	0	0	0	0	0	0	0	0	0	0	0	0	0	0	0	0	0	0	0	0	0	0	0	0
0	0	0	0	0	0	0	0	0	0	0	0	0	0	0	0	0	0	0	0	0	0	0	0	0	0	0	0	0	0
0	0	0	0	0	0	0	0	0	0	0	0	0	0	0	0	0	0	0	0	0	0	0	0	0	0	0	0	0	0
0	0	0	0	0	0	0	0	0	0	0	0	0	0	0	0	0	0	0	0	0	0	0	0	0	0	0	0	0	0
-0.20454	-0.084196	-0.0358	-0.05216	-0.044393	-0.052561	-0.093113	-0.033877	-0.049072	-0.06166	-0.006386	-0.0030416	-0.0057368	-0.0078319	-0.010615	-0.0079688	-0.0079301	-0.0096065	-0.010209	-0.02831	-0.018981	-0.017317	-0.013871	-0.01502	-0.017699	-0.0182	-0.028386	-0.015199	-0.018858	-0.019781
0	0	0	0	0	0	0	0	0	0	0	0	0	0	0	0	0	0	0	0	0	0	0	0	0	0	0	0	0	0
-0.018453	-0.029271	-0.035309	-0.021859	-0.026971	-0.02492	-0.017354	-0.022993	-0.018401	-0.022297	-0.016652	0.0042679	-0.017706	-0.0080005	-0.012282	-0.0081251	-0.011109	-0.012098	-0.014402	-0.021893	-0.013635	-0.017415	-0.01223	-0.012661	-0.015424	-0.015326	-0.027099	-0.19806	-0.11128	-0.42073
0	0	0	0	0	0	0	0	0	0	0	0	0	0	0	0	0	0	0	0	0	0	0	0	0	0	0	0	0	0
0	0	0	0	0	0	0	0	0	0	0	0	0	0	0	0	0	0	0	0	0	0	0	0	0	0	0	0	0	0
0	0	0	0	0	0	0	0	0	0	0	0	0	0	0	0	0	0	0	0	0	0	0	0	0	0	0	0	0	0
0	0	0	0	0	0	0	0	0	0	0	0	0	0	0	0	0	0	0	0	0	0	0	0	0	0	0	0	0	0
0	0	0	0	0	0	0	0	0	0	0	0	0	0	0	0	0	0	0	0	0	0	0	0	0	0	0	0	0	0
0	0	0	0	0	0	0	0	0	0	0	0	0	0	0	0	0	0	0	0	0	0	0	0	0	0	0	0	0	0
0	0	0	0	0	0	0	0	0	0	0	0	0	0	0	0	0	0	0	0	0	0	0	0	0	0	0	0	0	0
0	0	0	0	0	0	0	0	0	0	0	0	0	0	0	0	0	0	0	0	0	0	0	0	0	0	0	0	0	0
-0.15821	-0.41023	-0.081289	-0.12357	-0.14833	-0.088555	-0.1049	-0.075387	-0.092728	-0.11607	-0.18629	-0.13648	-0.16944	-0.17613	-0.34015	-0.77658	-0.14342	-0.19552	-0.28447	-0.080384	-0.079279	-0.078047	-0.091727	-0.070442	-0.072064	-0.11952	-0.069126	-0.038391	-0.023965	-0.073283
0	0	0	0	0	0	0	0	0	0	0	0	0	0	0	0	0	0	0	0	0	0	0	0	0	0	0	0	0	0
0	0	0	0	0	0	0	0	0	0	0	0	0	0	0	0	0	0	0	0	0	0	0	0	0	0	0	0	0	0
0	0	0	0	0	0	0	0	0	0	0	0	0	0	0	0	0	0	0	0	0	0	0	0	0	0	0	0	0	0
0	0	0	0	0	0	0	0	0	0	0	0	0	0	0	0	0	0	0	0	0	0	0	0	0	0	0	0	0	0
0	0	0	0	0	0	0	0	0	0	0	0	0	0	0	0	0	0	0	0	0	0	0	0	0	0	0	0	0	0
0	0	0	0	0	0	0	0	0	0	0	0	0	0	0	0	0	0	0	0	0	0	0	0	0	0	0	0	0	0
0	0	0	0	0	0	0	0	0	0	0	0	0	0	0	0	0	0	0	0	0	0	0	0	0	0	0	0	0	0
0	0	0	0	0	0	0	0	0	0	0	0	0	0	0	0	0	0	0	0	0	0	0	0	0	0	0	0	0	0
0	0	0	0	0	0	0	0	0	0	0	0	0	0	0	0	0	0	0	0	0	0	0	0	0	0	0	0	0	0
0	0	0	0	0	0	0	0	0	0	0	0	0	0	0	0	0	0	0	0	0	0	0	0	0	0	0	0	0	0
0	0	0	0	0	0	0	0	0	0	0	0	0	0	0	0	0	0	0	0	0	0	0	0	0	0	0	0	0	0
0	0	0	0	0	0	0	0	0	0	0	0	0	0	0	0	0	0	0	0	0	0	0	0	0	0	0	0	0	0
0	0	0	0	0	0	0	0	0	0	0	0	0	0	0	0	0	0	0	0	0	0	0	0	0	0	0	0	0	0
0	0	0	0	0	0	0	0	0	0	0	0	0	0	0	0	0	0	0	0	0	0	0	0	0	0	0	0	0	0
0	0	0	0	0	0	0	0	0	0	0	0	0	0	0	0	0	0	0	0	0	0	0	0	0	0	0	0	0	0
0	0	0	0	0	0	0	0	0	0	0	0	0	0	0	0	0	0	0	0	0	0	0	0	0	0	0	0	0	0
0	0	0	0	0	0	0	0	0	0	0	0	0	0	0	0	0	0	0	0	0	0	0	0	0	0	0	0	0	0
0	0	0	0	0	0	0	0	0	0	0	0	0	0	0	0	0	0	0	0	0	0	0	0	0	0	0	0	0	0
0	0	0	0	0	0	0	0	0	0	0	0	0	0	0	0	0	0	0	0	0	0	0	0	0	0	0	0	0	0
-0.053352	-0.045233	-0.040757	-0.066244	-0.041226	-0.23337	-0.073798	-0.036929	-0.050417	-0.074044	-0.0021093	0.011333	-0.0024004	-0.0018597	-0.0085715	-0.0062416	-0.0057398	-0.0059926	-0.0093423	-0.037628	-0.018793	-0.018575	-0.013375	-0.01629	-0.020337	-0.020677	-0.037401	-0.01952	-0.022374	-0.027116
0	0	0	0	0	0	0	0	0	0	0	0	0	0	0	0	0	0	0	0	0	0	0	0	0	0	0	0	0	0
0	0	0	0	0	0	0	0	0	0	0	0	0	0	0	0	0	0	0	0	0	0	0	0	0	0	0	0	0	0
0	0	0	0	0	0	0	0	0	0	0	0	0	0	0	0	0	0	0	0	0	0	0	0	0	0	0	0	0	0
0	0	0	0	0	0	0	0	0	0	0	0	0	0	0	0	0	0	0	0	0	0	0	0	0	0	0	0	0	0
0	0	0	0	0	0	0	0	0	0	0	0	0	0	0	0	0	0	0	0	0	0	0	0	0	0	0	0	0	0
-0.0025279	-0.0053395	-0.0031383	-0.0071058	-0.0039503	0.009279	-0.001064	-0.0042974	-0.0034798	-0.0011062	-0.083734	-0.24924	-0.040062	-0.11477	-0.051846	-0.041948	-0.037977	-0.0438	-0.033533	-0.0048097	-0.012443	-0.0089651	-0.021172	-0.0095364	-0.0090747	-0.015982	-0.0025659	-0.00020993	-0.0042325	0.0038024
0	0	0	0	0	0	0	0	0	0	0	0	0	0	0	0	0	0	0	0	0	0	0	0	0	0	0	0	0	0
0	0	0	0	0	0	0	0	0	0	0	0	0	0	0	0	0	0	0	0	0	0	0	0	0	0	0	0	0	0
0	0	0	0	0	0	0	0	0	0	0	0	0	0	0	0	0	0	0	0	0	0	0	0	0	0	0	0	0	0
-0.054681	-0.04636	-0.041772	-0.067894	-0.042253	-0.23918	-0.075637	-0.037849	-0.051673	-0.075889	-0.0021618	0.011615	-0.0024602	-0.001906	-0.0087851	-0.0063971	-0.0058828	-0.0061419	-0.009575	-0.038566	-0.019261	-0.019037	-0.013708	-0.016696	-0.020843	-0.021192	-0.038333	-0.020006	-0.022932	-0.027792
0	0	0	0	0	0	0	0	0	0	0	0	0	0	0	0	0	0	0	0	0	0	0	0	0	0	0	0	0	0
0	0	0	0	0	0	0	0	0	0	0	0	0	0	0	0	0	0	0	0	0	0	0	0	0	0	0	0	0	0
0	0	0	0	0	0	0	0	0	0	0	0	0	0	0	0	0	0	0	0	0	0	0	0	0	0	0	0	0	0
0.016232	0.044716	0.0079954	0.0099043	0.01479	0.0085909	0.010076	0.0066048	0.0083958	0.011513	0.0019107	0.0012386	0.0022749	0.0023169	0.0029837	0.0022527	0.0024139	0.0035518	0.0027977	0.0060951	0.0044296	0.0045355	0.003385	0.0035965	0.0042028	0.0042395	0.0060597	0.0041205	0.0045642	0.0060492
0	0	0	0	0	0	0	0	0	0	0	0	0	0	0	0	0	0	0	0	0	0	0	0	0	0	0	0	0	0
-0.028506	-0.036083	-0.029729	-0.039215	-0.035927	-0.027078	-0.026696	-0.049639	-0.045187	-0.033785	-0.066901	-0.05235	-0.051913	-0.057335	-0.059174	-0.051792	-0.14793	-0.072379	-0.061605	-0.048846	-0.12993	-0.091767	-0.53778	-0.10205	-0.15336	-0.077393	-0.076931	-0.019911	-0.019865	-0.026942
-0.06763	-0.074889	-0.076701	-0.087683	-0.085459	-0.087788	-0.070951	-0.10857	-0.077647	-0.10523	-0.014827	-0.0073558	0.047789	-0.01382	-0.015233	-0.016696	-0.023267	-0.0034843	-0.033463	-0.15132	-0.094941	-0.14048	-0.08919	-0.11063	-0.17834	-0.10318	-0.65968	-0.072204	-0.065008	-0.069211
0	0	0	0	0	0	0	0	0	0	0	0	0	0	0	0	0	0	0	0	0	0	0	0	0	0	0	0	0	0
-0.032637	-0.041311	-0.034037	-0.044897	-0.041133	-0.031001	-0.030565	-0.056831	-0.051735	-0.03868	-0.076595	-0.059936	-0.059435	-0.065643	-0.067748	-0.059296	-0.16936	-0.082866	-0.070531	-0.055923	-0.14876	-0.10506	-0.6157	-0.11684	-0.17558	-0.088606	-0.088077	-0.022796	-0.022744	-0.030846
-0.037772	-0.032024	-0.028855	-0.046899	-0.029187	-0.16522	-0.052248	-0.026145	-0.035694	-0.052422	-0.0014933	0.0080233	-0.0016995	-0.0013166	-0.0060685	-0.004419	-0.0040637	-0.0042426	-0.0066141	-0.02664	-0.013305	-0.01315	-0.009469	-0.011533	-0.014398	-0.014639	-0.026479	-0.01382	-0.01584	-0.019198
0	0	0	0	0	0	0	0	0	0	0	0	0	0	0	0	0	0	0	0	0	0	0	0	0	0	0	0	0	0
0	0	0	0	0	0	0	0	0	0	0	0	0	0	0	0	0	0	0	0	0	0	0	0	0	0	0	0	0	0
0	0	0	0	0	0	0	0	0	0	0	0	0	0	0	0	0	0	0	0	0	0	0	0	0	0	0	0	0	0
0	0	0	0	0	0	0	0	0	0	0	0	0	0	0	0	0	0	0	0	0	0	0	0	0	0	0	0	0	0
0	0	0	0	0	0	0	0	0	0	0	0	0	0	0	0	0	0	0	0	0	0	0	0	0	0	0	0	0	0
0	0	0	0	0	0	0	0	0	0	0	0	0	0	0	0	0	0	0	0	0	0	0	0	0	0	0	0	0	0
0	0	0	0	0	0	0	0	0	0	0	0	0	0	0	0	0	0	0	0	0	0	0	0	0	0	0	0	0	0
0	0	0	0	0	0	0	0	0	0	0	0	0	0	0	0	0	0	0	0	0	0	0	0	0	0	0	0	0	0
0	0	0	0	0	0	0	0	0	0	0	0	0	0	0	0	0	0	0	0	0	0	0	0	0	0	0	0	0	0
0	0	0	0	0	0	0	0	0	0	0	0	0	0	0	0	0	0	0	0	0	0	0	0	0	0	0	0	0	0
0	0	0	0	0	0	0	0	0	0	0	0	0	0	0	0	0	0	0	0	0	0	0	0	0	0	0	0	0	0
0	0	0	0	0	0	0	0	0	0	0	0	0	0	0	0	0	0	0	0	0	0	0	0	0	0	0	0	0	0
0	0	0	0	0	0	0	0	0	0	0	0	0	0	0	0	0	0	0	0	0	0	0	0	0	0	0	0	0	0
0	0	0	0	0	0	0	0	0	0	0	0	0	0	0	0	0	0	0	0	0	0	0	0	0	0	0	0	0	0
-0.029175	-0.035399	-0.060297	-0.038935	-0.038087	-0.041824	-0.02913	-0.050429	-0.039685	-0.03879	-0.037105	-0.028253	-0.028392	-0.031893	-0.031774	-0.022178	-0.076408	-0.038884	-0.033794	-0.037396	-0.073392	-0.054398	-0.27183	-0.057972	-0.085244	-0.046612	-0.057281	-0.10731	-0.19834	-0.089379
0	0	0	0	0	0	0	0	0	0	0	0	0	0	0	0	0	0	0	0	0	0	0	0	0	0	0	0	0	0
0	0	0	0	0	0	0	0	0	0	0	0	0	0	0	0	0	0	0	0	0	0	0	0	0	0	0	0	0	0
0	0	0	0	0	0	0	0	0	0	0	0	0	0	0	0	0	0	0	0	0	0	0	0	0	0	0	0	0	0
0	0	0	0	0	0	0	0	0	0	0	0	0	0	0	0	0	0	0	0	0	0	0	0	0	0	0	0	0	0
0	0	0	0	0	0	0	0	0	0	0	0	0	0	0	0	0	0	0	0	0	0	0	0	0	0	0	0	0	0
0	0	0	0	0	0	0	0	0	0	0	0	0	0	0	0	0	0	0	0	0	0	0	0	0	0	0	0	0	0
0	0	0	0	0	0	0	0	0	0	0	0	0	0	0	0	0	0	0	0	0	0	0	0	0	0	0	0	0	0
0	0	0	0	0	0	0	0	0	0	0	0	0	0	0	0	0	0	0	0	0	0	0	0	0	0	0	0	0	0
0	0	0	0	0	0	0	0	0	0	0	0	0	0	0	0	0	0	0	0	0	0	0	0	0	0	0	0	0	0
0	0	0	0	0	0	0	0	0	0	0	0	0	0	0	0	0	0	0	0	0	0	0	0	0	0	0	0	0	0
0	0	0	0	0	0	0	0	0	0	0	0	0	0	0	0	0	0	0	0	0	0	0	0	0	0	0	0	0	0
0	0	0	0	0	0	0	0	0	0	0	0	0	0	0	0	0	0	0	0	0	0	0	0	0	0	0	0	0	0
0	0	0	0	0	0	0	0	0	0	0	0	0	0	0	0	0	0	0	0	0	0	0	0	0	0	0	0	0	0
0	0	0	0	0	0	0	0	0	0	0	0	0	0	0	0	0	0	0	0	0	0	0	0	0	0	0	0	0	0
0	0	0	0	0	0	0	0	0	0	0	0	0	0	0	0	0	0	0	0	0	0	0	0	0	0	0	0	0	0
0	0	0	0	0	0	0	0	0	0	0	0	0	0	0	0	0	0	0	0	0	0	0	0	0	0	0	0	0	0
0	0	0	0	0	0	0	0	0	0	0	0	0	0	0	0	0	0	0	0	0	0	0	0	0	0	0	0	0	0
0	0	0	0	0	0	0	0	0	0	0	0	0	0	0	0	0	0	0	0	0	0	0	0	0	0	0	0	0	0
0	0	0	0	0	0	0	0	0	0	0	0	0	0	0	0	0	0	0	0	0	0	0	0	0	0	0	0	0	0
0	0	0	0	0	0	0	0	0	0	0	0	0	0	0	0	0	0	0	0	0	0	0	0	0	0	0	0	0	0
0	0	0	0	0	0	0	0	0	0	0	0	0	0	0	0	0	0	0	0	0	0	0	0	0	0	0	0	0	0
0	0	0	0	0	0	0	0	0	0	0	0	0	0	0	0	0	0	0	0	0	0	0	0	0	0	0	0	0	0
0	0	0	0	0	0	0	0	0	0	0	0	0	0	0	0	0	0	0	0	0	0	0	0	0	0	0	0	0	0
0	0	0	0	0	0	0	0	0	0	0	0	0	0	0	0	0	0	0	0	0	0	0	0	0	0	0	0	0	0
0	0	0	0	0	0	0	0	0	0	0	0	0	0	0	0	0	0	0	0	0	0	0	0	0	0	0	0	0	0
-0.060816	-0.16753	-0.029956	-0.037108	-0.055413	-0.032187	-0.037751	-0.024746	-0.031456	-0.043137	-0.0071588	-0.0046405	-0.0085233	-0.0086806	-0.011179	-0.00844	-0.0090441	-0.013307	-0.010482	-0.022836	-0.016596	-0.016993	-0.012682	-0.013475	-0.015746	-0.015884	-0.022704	-0.015438	-0.017101	-0.022664
0	0	0	0	0	0	0	0	0	0	0	0	0	0	0	0	0	0	0	0	0	0	0	0	0	0	0	0	0	0
-0.055765	-0.064506	-0.1103	-0.072588	-0.075088	-0.069981	-0.056886	-0.097055	-0.065187	-0.085454	-0.014493	-0.0090669	0.022039	-0.013175	-0.011658	-0.0032662	-0.017788	-0.0064172	-0.022898	-0.10046	-0.065115	-0.089855	-0.058538	-0.071327	-0.11127	-0.068043	-0.38933	-0.19201	-0.33184	-0.15574
0	0	0	0	0	0	0	0	0	0	0	0	0	0	0	0	0	0	0	0	0	0	0	0	0	0	0	0	0	0
-0.0093741	-0.025823	-0.0046174	-0.0057198	-0.0085412	-0.0049613	-0.0058188	-0.0038143	-0.0048486	-0.006649	-0.0011034	-0.00071528	-0.0013138	-0.001338	-0.0017231	-0.0013009	-0.001394	-0.0020512	-0.0016157	-0.0035199	-0.0025581	-0.0026193	-0.0019549	-0.002077	-0.0024271	-0.0024484	-0.0034995	-0.0023796	-0.0026359	-0.0034934
0	0	0	0	0	0	0	0	0	0	0	0	0	0	0	0	0	0	0	0	0	0	0	0	0	0	0	0	0	0
0	0	0	0	0	0	0	0	0	0	0	0	0	0	0	0	0	0	0	0	0	0	0	0	0	0	0	0	0	0
0	0	0	0	0	0	0	0	0	0	0	0	0	0	0	0	0	0	0	0	0	0	0	0	0	0	0	0	0	0
0	0	0	0	0	0	0	0	0	0	0	0	0	0	0	0	0	0	0	0	0	0	0	0	0	0	0	0	0	0
0	0	0	0	0	0	0	0	0	0	0	0	0	0	0	0	0	0	0	0	0	0	0	0	0	0	0	0	0	0
0	0	0	0	0	0	0	0	0	0	0	0	0	0	0	0	0	0	0	0	0	0	0	0	0	0	0	0	0	0
0	0	0	0	0	0	0	0	0	0	0	0	0	0	0	0	0	0	0	0	0	0	0	0	0	0	0	0	0	0
0	0	0	0	0	0	0	0	0	0	0	0	0	0	0	0	0	0	0	0	0	0	0	0	0	0	0	0	0	0
0	0	0	0	0	0	0	0	0	0	0	0	0	0	0	0	0	0	0	0	0	0	0	0	0	0	0	0	0	0
-0.003361	-0.0070991	-0.0041724	-0.0094474	-0.005252	0.012337	-0.0014147	-0.0057135	-0.0046265	-0.0014707	-0.11133	-0.33137	-0.053264	-0.15259	-0.068931	-0.055771	-0.050492	-0.058233	-0.044583	-0.0063947	-0.016543	-0.011919	-0.028148	-0.012679	-0.012065	-0.021248	-0.0034115	-0.00027911	-0.0056273	0.0050554
-0.081213	-0.068854	-0.062041	-0.10084	-0.062755	-0.35523	-0.11234	-0.056213	-0.076746	-0.11271	-0.0032107	0.017251	-0.003654	-0.0028308	-0.013048	-0.0095011	-0.0087372	-0.009122	-0.014221	-0.057279	-0.028607	-0.028274	-0.020359	-0.024798	-0.030957	-0.031474	-0.056932	-0.029714	-0.034058	-0.041276
0	0	0	0	0	0	0	0	0	0	0	0	0	0	0	0	0	0	0	0	0	0	0	0	0	0	0	0	0	0
0	0	0	0	0	0	0	0	0	0	0	0	0	0	0	0	0	0	0	0	0	0	0	0	0	0	0	0	0	0
0	0	0	0	0	0	0	0	0	0	0	0	0	0	0	0	0	0	0	0	0	0	0	0	0	0	0	0	0	0
0	0	0	0	0	0	0	0	0	0	0	0	0	0	0	0	0	0	0	0	0	0	0	0	0	0	0	0	0	0
0	0	0	0	0	0	0	0	0	0	0	0	0	0	0	0	0	0	0	0	0	0	0	0	0	0	0	0	0	0
0	0	0	0	0	0	0	0	0	0	0	0	0	0	0	0	0	0	0	0	0	0	0	0	0	0	0	0	0	0
-0.046987	-0.05203	-0.053289	-0.060919	-0.059374	-0.060992	-0.049294	-0.07543	-0.053946	-0.07311	-0.010301	-0.0051105	0.033202	-0.0096015	-0.010583	-0.0116	-0.016165	-0.0024208	-0.023249	-0.10513	-0.065962	-0.097601	-0.061966	-0.076864	-0.1239	-0.071689	-0.45832	-0.050165	-0.045165	-0.048085
-0.044357	-0.070362	-0.084876	-0.052544	-0.064833	-0.059904	-0.041714	-0.05527	-0.044233	-0.053597	-0.040028	0.010259	-0.042562	-0.019232	-0.029523	-0.019531	-0.026703	-0.029081	-0.034619	-0.052627	-0.032776	-0.041861	-0.029399	-0.030436	-0.037077	-0.036841	-0.06514	-0.4761	-0.26748	-1.0113
0	0	0	0	0	0	0	0	0	0	0	0	0	0	0	0	0	0	0	0	0	0	0	0	0	0	0	0	0	0
-0.053766	-0.066173	-0.05224	-0.082155	-0.065305	-0.060061	-0.054706	-0.074397	-0.060196	-0.071586	-0.16579	-0.12091	-0.11458	-0.15261	-0.30054	-0.71285	-0.12635	-0.15545	-0.25977	-0.10538	-0.08814	-0.10991	-0.10499	-0.094711	-0.12674	-0.13136	-0.3604	-0.040712	-0.020032	-0.056309
-0.098386	-0.083413	-0.075159	-0.12216	-0.076024	-0.43035	-0.13609	-0.068099	-0.092973	-0.13654	-0.0038896	0.020898	-0.0044266	-0.0034294	-0.015807	-0.01151	-0.010585	-0.011051	-0.017228	-0.06939	-0.034656	-0.034253	-0.024664	-0.030041	-0.037503	-0.038129	-0.06897	-0.035997	-0.04126	-0.050004
0	0	0	0	0	0	0	0	0	0	0	0	0	0	0	0	0	0	0	0	0	0	0	0	0	0	0	0	0	0
0	0	0	0	0	0	0	0	0	0	0	0	0	0	0	0	0	0	0	0	0	0	0	0	0	0	0	0	0	0
0	0	0	0	0	0	0	0	0	0	0	0	0	0	0	0	0	0	0	0	0	0	0	0	0	0	0	0	0	0
0	0	0	0	0	0	0	0	0	0	0	0	0	0	0	0	0	0	0	0	0	0	0	0	0	0	0	0	0	0
0	0	0	0	0	0	0	0	0	0	0	0	0	0	0	0	0	0	0	0	0	0	0	0	0	0	0	0	0	0
0	0	0	0	0	0	0	0	0	0	0	0	0	0	0	0	0	0	0	0	0	0	0	0	0	0	0	0	0	0
0	0	0	0	0	0	0	0	0	0	0	0	0	0	0	0	0	0	0	0	0	0	0	0	0	0	0	0	0	0
0	0	0	0	0	0	0	0	0	0	0	0	0	0	0	0	0	0	0	0	0	0	0	0	0	0	0	0	0	0
0	0	0	0	0	0	0	0	0	0	0	0	0	0	0	0	0	0	0	0	0	0	0	0	0	0	0	0	0	0
-0.050066	-0.048689	-0.08264	-0.063241	-0.050008	-0.1699	-0.062804	-0.054839	-0.051379	-0.070976	-0.006597	0.0032455	-0.0050318	-0.0058053	-0.0082895	0.00079494	-0.0078579	-0.0076088	-0.0097999	-0.038773	-0.022903	-0.022532	-0.016562	-0.019291	-0.024186	-0.022813	-0.04652	-0.13808	-0.25826	-0.11454
0	0	0	0	0	0	0	0	0	0	0	0	0	0	0	0	0	0	0	0	0	0	0	0	0	0	0	0	0	0
0	0	0	0	0	0	0	0	0	0	0	0	0	0	0	0	0	0	0	0	0	0	0	0	0	0	0	0	0	0
0	0	0	0	0	0	0	0	0	0	0	0	0	0	0	0	0	0	0	0	0	0	0	0	0	0	0	0	0	0
0	0	0	0	0	0	0	0	0	0	0	0	0	0	0	0	0	0	0	0	0	0	0	0	0	0	0	0	0	0
0	0	0	0	0	0	0	0	0	0	0	0	0	0	0	0	0	0	0	0	0	0	0	0	0	0	0	0	0	0
0	0	0	0	0	0	0	0	0	0	0	0	0	0	0	0	0	0	0	0	0	0	0	0	0	0	0	0	0	0
0	0	0	0	0	0	0	0	0	0	0	0	0	0	0	0	0	0	0	0	0	0	0	0	0	0	0	0	0	0
0	0	0	0	0	0	0	0	0	0	0	0	0	0	0	0	0	0	0	0	0	0	0	0	0	0	0	0	0	0
0	0	0	0	0	0	0	0	0	0	0	0	0	0	0	0	0	0	0	0	0	0	0	0	0	0	0	0	0	0
0	0	0	0	0	0	0	0	0	0	0	0	0	0	0	0	0	0	0	0	0	0	0	0	0	0	0	0	0	0
-0.008259	-0.013101	-0.015803	-0.0097834	-0.012071	-0.011154	-0.007767	-0.010291	-0.0082359	-0.0099794	-0.007453	0.0019102	-0.0079249	-0.0035808	-0.0054969	-0.0036365	-0.0049719	-0.0054148	-0.0064459	-0.0097989	-0.0061027	-0.0077943	-0.0054738	-0.0056669	-0.0069035	-0.0068596	-0.012129	-0.088646	-0.049804	-0.18831
0	0	0	0	0	0	0	0	0	0	0	0	0	0	0	0	0	0	0	0	0	0	0	0	0	0	0	0	0	0
0	0	0	0	0	0	0	0	0	0	0	0	0	0	0	0	0	0	0	0	0	0	0	0	0	0	0	0	0	0
-0.0031758	-0.0050376	-0.0060767	-0.003762	-0.0046418	-0.0042888	-0.0029866	-0.0039571	-0.0031669	-0.0038373	-0.0028659	0.00073451	-0.0030473	-0.0013769	-0.0021137	-0.0013983	-0.0019118	-0.0020821	-0.0024786	-0.0037679	-0.0023466	-0.0029971	-0.0021048	-0.0021791	-0.0026546	-0.0026377	-0.0046638	-0.034086	-0.019151	-0.072408
-0.028541	-0.045274	-0.054613	-0.033809	-0.041716	-0.038545	-0.026841	-0.035563	-0.028461	-0.034487	-0.025756	0.0066012	-0.027387	-0.012374	-0.018996	-0.012567	-0.017182	-0.018712	-0.022275	-0.033863	-0.02109	-0.026935	-0.018916	-0.019584	-0.023857	-0.023705	-0.041914	-0.30634	-0.17211	-0.65074
0	0	0	0	0	0	0	0	0	0	0	0	0	0	0	0	0	0	0	0	0	0	0	0	0	0	0	0	0	0
0	0	0	0	0	0	0	0	0	0	0	0	0	0	0	0	0	0	0	0	0	0	0	0	0	0	0	0	0	0
0	0	0	0	0	0	0	0	0	0	0	0	0	0	0	0	0	0	0	0	0	0	0	0	0	0	0	0	0	0
0	0	0	0	0	0	0	0	0	0	0	0	0	0	0	0	0	0	0	0	0	0	0	0	0	0	0	0	0	0
-0.15277	-0.42085	-0.075251	-0.093217	-0.1392	-0.080856	-0.094831	-0.062162	-0.079019	-0.10836	-0.017983	-0.011657	-0.021411	-0.021806	-0.028082	-0.021202	-0.022719	-0.033429	-0.026331	-0.057365	-0.041691	-0.042687	-0.031859	-0.033849	-0.039556	-0.039901	-0.057033	-0.038782	-0.042958	-0.056934
0	0	0	0	0	0	0	0	0	0	0	0	0	0	0	0	0	0	0	0	0	0	0	0	0	0	0	0	0	0
0	0	0	0	0	0	0	0	0	0	0	0	0	0	0	0	0	0	0	0	0	0	0	0	0	0	0	0	0	0
0	0	0	0	0	0	0	0	0	0	0	0	0	0	0	0	0	0	0	0	0	0	0	0	0	0	0	0	0	0
0	0	0	0	0	0	0	0	0	0	0	0	0	0	0	0	0	0	0	0	0	0	0	0	0	0	0	0	0	0
0	0	0	0	0	0	0	0	0	0	0	0	0	0	0	0	0	0	0	0	0	0	0	0	0	0	0	0	0	0
0	0	0	0	0	0	0	0	0	0	0	0	0	0	0	0	0	0	0	0	0	0	0	0	0	0	0	0	0	0
0	0	0	0	0	0	0	0	0	0	0	0	0	0	0	0	0	0	0	0	0	0	0	0	0	0	0	0	0	0
0	0	0	0	0	0	0	0	0	0	0	0	0	0	0	0	0	0	0	0	0	0	0	0	0	0	0	0	0	0
0	0	0	0	0	0	0	0	0	0	0	0	0	0	0	0	0	0	0	0	0	0	0	0	0	0	0	0	0	0
-0.053178	-0.084355	-0.10175	-0.062994	-0.077726	-0.071816	-0.05001	-0.066262	-0.053029	-0.064255	-0.047989	0.012299	-0.051027	-0.023056	-0.035394	-0.023415	-0.032013	-0.034865	-0.041504	-0.063093	-0.039294	-0.050186	-0.035245	-0.036488	-0.044451	-0.044168	-0.078094	-0.57077	-0.32068	-1.2125
0	0	0	0	0	0	0	0	0	0	0	0	0	0	0	0	0	0	0	0	0	0	0	0	0	0	0	0	0	0
0	0	0	0	0	0	0	0	0	0	0	0	0	0	0	0	0	0	0	0	0	0	0	0	0	0	0	0	0	0
-0.0066923	-0.0096444	-0.020999	-0.010955	-0.010192	-0.0008024	-0.0056542	-0.013002	-0.0083423	-0.0084204	-0.049834	-0.14443	-0.024175	-0.067429	-0.030676	-0.022407	-0.023201	-0.026401	-0.020513	-0.0076418	-0.010789	-0.0087154	-0.014835	-0.0084428	-0.0089513	-0.012369	-0.0090563	-0.043027	-0.085831	-0.030973
0	0	0	0	0	0	0	0	0	0	0	0	0	0	0	0	0	0	0	0	0	0	0	0	0	0	0	0	0	0
0	0	0	0	0	0	0	0	0	0	0	0	0	0	0	0	0	0	0	0	0	0	0	0	0	0	0	0	0	0
0	0	0	0	0	0	0	0	0	0	0	0	0	0	0	0	0	0	0	0	0	0	0	0	0	0	0	0	0	0
0	0	0	0	0	0	0	0	0	0	0	0	0	0	0	0	0	0	0	0	0	0	0	0	0	0	0	0	0	0
-0.016551	-0.020779	-0.06062	-0.021716	-0.025025	-0.019346	-0.015926	-0.03327	-0.020037	-0.024584	-0.0056446	-0.0044696	-0.0037482	-0.0049648	-0.002925	0.0052525	-0.0044518	-0.0040047	-0.0040147	-0.015415	-0.011523	-0.011276	-0.008484	-0.0093804	-0.011823	-0.0101	-0.023947	-0.13548	-0.26335	-0.10469
0	0	0	0	0	0	0	0	0	0	0	0	0	0	0	0	0	0	0	0	0	0	0	0	0	0	0	0	0	0
0	0	0	0	0	0	0	0	0	0	0	0	0	0	0	0	0	0	0	0	0	0	0	0	0	0	0	0	0	0
0	0	0	0	0	0	0	0	0	0	0	0	0	0	0	0	0	0	0	0	0	0	0	0	0	0	0	0	0	0
0	0	0	0	0	0	0	0	0	0	0	0	0	0	0	0	0	0	0	0	0	0	0	0	0	0	0	0	0	0
0	0	0	0	0	0	0	0	0	0	0	0	0	0	0	0	0	0	0	0	0	0	0	0	0	0	0	0	0	0
0	0	0	0	0	0	0	0	0	0	0	0	0	0	0	0	0	0	0	0	0	0	0	0	0	0	0	0	0	0
0	0	0	0	0	0	0	0	0	0	0	0	0	0	0	0	0	0	0	0	0	0	0	0	0	0	0	0	0	0
0	0	0	0	0	0	0	0	0	0	0	0	0	0	0	0	0	0	0	0	0	0	0	0	0	0	0	0	0	0
0	0	0	0	0	0	0	0	0	0	0	0	0	0	0	0	0	0	0	0	0	0	0	0	0	0	0	0	0	0
-0.019816	-0.030548	-0.028675	-0.029271	-0.02645	-0.022488	-0.018759	-0.022585	-0.020262	-0.021689	-0.074341	-0.04388	-0.067646	-0.063457	-0.12513	-0.28668	-0.053098	-0.069508	-0.10647	-0.025312	-0.024607	-0.026361	-0.031587	-0.023306	-0.023852	-0.041289	-0.024752	-0.13467	-0.069437	-0.29157
0	0	0	0	0	0	0	0	0	0	0	0	0	0	0	0	0	0	0	0	0	0	0	0	0	0	0	0	0	0
0	0	0	0	0	0	0	0	0	0	0	0	0	0	0	0	0	0	0	0	0	0	0	0	0	0	0	0	0	0
-0.017158	-0.025159	-0.011349	-0.033799	-0.019235	-0.01324	-0.016422	-0.016483	-0.018275	-0.015491	-0.14671	-0.10867	-0.1295	-0.13496	-0.2716	-0.6536	-0.10602	-0.14261	-0.22492	-0.024544	-0.035839	-0.033997	-0.054263	-0.034339	-0.031281	-0.071964	-0.015088	-0.002826	0.012886	-0.018753
0	0	0	0	0	0	0	0	0	0	0	0	0	0	0	0	0	0	0	0	0	0	0	0	0	0	0	0	0	0
0	0	0	0	0	0	0	0	0	0	0	0	0	0	0	0	0	0	0	0	0	0	0	0	0	0	0	0	0	0
0	0	0	0	0	0	0	0	0	0	0	0	0	0	0	0	0	0	0	0	0	0	0	0	0	0	0	0	0	0
0	0	0	0	0	0	0	0	0	0	0	0	0	0	0	0	0	0	0	0	0	0	0	0	0	0	0	0	0	0
0.080094	0.051598	0.016543	0.023248	0.022901	0.022746	0.037776	0.015183	0.02142	0.027387	0.0031882	0.0016794	0.0031376	0.0038971	0.0052052	0.0039139	0.0039793	0.0051279	0.0049709	0.01297	0.0088641	0.0083291	0.0065504	0.0070592	0.008301	0.0084956	0.01298	0.007379	0.0088869	0.0099396
0	0	0	0	0	0	0	0	0	0	0	0	0	0	0	0	0	0	0	0	0	0	0	0	0	0	0	0	0	0
0	0	0	0	0	0	0	0	0	0	0	0	0	0	0	0	0	0	0	0	0	0	0	0	0	0	0	0	0	0
0	0	0	0	0	0	0	0	0	0	0	0	0	0	0	0	0	0	0	0	0	0	0	0	0	0	0	0	0	0
0	0	0	0	0	0	0	0	0	0	0	0	0	0	0	0	0	0	0	0	0	0	0	0	0	0	0	0	0	0
0	0	0	0	0	0	0	0	0	0	0	0	0	0	0	0	0	0	0	0	0	0	0	0	0	0	0	0	0	0
0	0	0	0	0	0	0	0	0	0	0	0	0	0	0	0	0	0	0	0	0	0	0	0	0	0	0	0	0	0
0	0	0	0	0	0	0	0	0	0	0	0	0	0	0	0	0	0	0	0	0	0	0	0	0	0	0	0	0	0
0	0	0	0	0	0	0	0	0	0	0	0	0	0	0	0	0	0	0	0	0	0	0	0	0	0	0	0	0	0
0	0	0	0	0	0	0	0	0	0	0	0	0	0	0	0	0	0	0	0	0	0	0	0	0	0	0	0	0	0
0	0	0	0	0	0	0	0	0	0	0	0	0	0	0	0	0	0	0	0	0	0	0	0	0	0	0	0	0	0
0	0	0	0	0	0	0	0	0	0	0	0	0	0	0	0	0	0	0	0	0	0	0	0	0	0	0	0	0	0
0	0	0	0	0	0	0	0	0	0	0	0	0	0	0	0	0	0	0	0	0	0	0	0	0	0	0	0	0	0
0	0	0	0	0	0	0	0	0	0	0	0	0	0	0	0	0	0	0	0	0	0	0	0	0	0	0	0	0	0
0	0	0	0	0	0	0	0	0	0	0	0	0	0	0	0	0	0	0	0	0	0	0	0	0	0	0	0	0	0
0	0	0	0	0	0	0	0	0	0	0	0	0	0	0	0	0	0	0	0	0	0	0	0	0	0	0	0	0	0
-0.024287	-0.020591	-0.018554	-0.030156	-0.018767	-0.10623	-0.033595	-0.016811	-0.022951	-0.033707	-0.00096019	0.0051589	-0.0010927	-0.00084657	-0.003902	-0.0028414	-0.0026129	-0.002728	-0.0042528	-0.017129	-0.0085551	-0.0084556	-0.0060885	-0.0074159	-0.0092579	-0.0094125	-0.017026	-0.0088861	-0.010185	-0.012344
0	0	0	0	0	0	0	0	0	0	0	0	0	0	0	0	0	0	0	0	0	0	0	0	0	0	0	0	0	0
0	0	0	0	0	0	0	0	0	0	0	0	0	0	0	0	0	0	0	0	0	0	0	0	0	0	0	0	0	0
0	0	0	0	0	0	0	0	0	0	0	0	0	0	0	0	0	0	0	0	0	0	0	0	0	0	0	0	0	0
0	0	0	0	0	0	0	0	0	0	0	0	0	0	0	0	0	0	0	0	0	0	0	0	0	0	0	0	0	0
0	0	0	0	0	0	0	0	0	0	0	0	0	0	0	0	0	0	0	0	0	0	0	0	0	0	0	0	0	0
0	0	0	0	0	0	0	0	0	0	0	0	0	0	0	0	0	0	0	0	0	0	0	0	0	0	0	0	0	0
-0.15225	-0.41943	-0.074996	-0.092901	-0.13873	-0.080582	-0.09451	-0.061952	-0.078752	-0.10799	-0.017922	-0.011618	-0.021338	-0.021732	-0.027987	-0.02113	-0.022642	-0.033316	-0.026242	-0.057171	-0.04155	-0.042543	-0.031751	-0.033735	-0.039422	-0.039766	-0.05684	-0.03865	-0.042812	-0.056741
0	0	0	0	0	0	0	0	0	0	0	0	0	0	0	0	0	0	0	0	0	0	0	0	0	0	0	0	0	0
0	0	0	0	0	0	0	0	0	0	0	0	0	0	0	0	0	0	0	0	0	0	0	0	0	0	0	0	0	0
0	0	0	0	0	0	0	0	0	0	0	0	0	0	0	0	0	0	0	0	0	0	0	0	0	0	0	0	0	0
-0.058072	-0.12805	-0.032788	-0.069123	-0.058113	-0.03674	-0.044382	-0.03735	-0.043612	-0.045987	-0.21578	-0.15947	-0.19167	-0.19964	-0.39832	-0.94847	-0.15805	-0.21322	-0.33054	-0.047945	-0.06084	-0.058397	-0.085303	-0.056965	-0.053792	-0.11262	-0.034218	-0.012533	0.0092458	-0.039489
0	0	0	0	0	0	0	0	0	0	0	0	0	0	0	0	0	0	0	0	0	0	0	0	0	0	0	0	0	0
0	0	0	0	0	0	0	0	0	0	0	0	0	0	0	0	0	0	0	0	0	0	0	0	0	0	0	0	0	0
0	0	0	0	0	0	0	0	0	0	0	0	0	0	0	0	0	0	0	0	0	0	0	0	0	0	0	0	0	0
0	0	0	0	0	0	0	0	0	0	0	0	0	0	0	0	0	0	0	0	0	0	0	0	0	0	0	0	0	0
0	0	0	0	0	0	0	0	0	0	0	0	0	0	0	0	0	0	0	0	0	0	0	0	0	0	0	0	0	0
0	0	0	0	0	0	0	0	0	0	0	0	0	0	0	0	0	0	0	0	0	0	0	0	0	0	0	0	0	0
0	0	0	0	0	0	0	0	0	0	0	0	0	0	0	0	0	0	0	0	0	0	0	0	0	0	0	0	0	0
0	0	0	0	0	0	0	0	0	0	0	0	0	0	0	0	0	0	0	0	0	0	0	0	0	0	0	0	0	0
0	0	0	0	0	0	0	0	0	0	0	0	0	0	0	0	0	0	0	0	0	0	0	0	0	0	0	0	0	0
0	0	0	0	0	0	0	0	0	0	0	0	0	0	0	0	0	0	0	0	0	0	0	0	0	0	0	0	0	0
0	0	0	0	0	0	0	0	0	0	0	0	0	0	0	0	0	0	0	0	0	0	0	0	0	0	0	0	0	0
0	0	0	0	0	0	0	0	0	0	0	0	0	0	0	0	0	0	0	0	0	0	0	0	0	0	0	0	0	0
0	0	0	0	0	0	0	0	0	0	0	0	0	0	0	0	0	0	0	0	0	0	0	0	0	0	0	0	0	0
0	0	0	0	0	0	0	0	0	0	0	0	0	0	0	0	0	0	0	0	0	0	0	0	0	0	0	0	0	0
0	0	0	0	0	0	0	0	0	0	0	0	0	0	0	0	0	0	0	0	0	0	0	0	0	0	0	0	0	0
0	0	0	0	0	0	0	0	0	0	0	0	0	0	0	0	0	0	0	0	0	0	0	0	0	0	0	0	0	0
0	0	0	0	0	0	0	0	0	0	0	0	0	0	0	0	0	0	0	0	0	0	0	0	0	0	0	0	0	0
0	0	0	0	0	0	0	0	0	0	0	0	0	0	0	0	0	0	0	0	0	0	0	0	0	0	0	0	0	0
0	0	0	0	0	0	0	0	0	0	0	0	0	0	0	0	0	0	0	0	0	0	0	0	0	0	0	0	0	0
0	0	0	0	0	0	0	0	0	0	0	0	0	0	0	0	0	0	0	0	0	0	0	0	0	0	0	0	0	0
0	0	0	0	0	0	0	0	0	0	0	0	0	0	0	0	0	0	0	0	0	0	0	0	0	0	0	0	0	0
0	0	0	0	0	0	0	0	0	0	0	0	0	0	0	0	0	0	0	0	0	0	0	0	0	0	0	0	0	0
0	0	0	0	0	0	0	0	0	0	0	0	0	0	0	0	0	0	0	0	0	0	0	0	0	0	0	0	0	0
0	0	0	0	0	0	0	0	0	0	0	0	0	0	0	0	0	0	0	0	0	0	0	0	0	0	0	0	0	0
0	0	0	0	0	0	0	0	0	0	0	0	0	0	0	0	0	0	0	0	0	0	0	0	0	0	0	0	0	0
0	0	0	0	0	0	0	0	0	0	0	0	0	0	0	0	0	0	0	0	0	0	0	0	0	0	0	0	0	0
0	0	0	0	0	0	0	0	0	0	0	0	0	0	0	0	0	0	0	0	0	0	0	0	0	0	0	0	0	0
0	0	0	0	0	0	0	0	0	0	0	0	0	0	0	0	0	0	0	0	0	0	0	0	0	0	0	0	0	0
0	0	0	0	0	0	0	0	0	0	0	0	0	0	0	0	0	0	0	0	0	0	0	0	0	0	0	0	0	0
0	0	0	0	0	0	0	0	0	0	0	0	0	0	0	0	0	0	0	0	0	0	0	0	0	0	0	0	0	0
0	0	0	0	0	0	0	0	0	0	0	0	0	0	0	0	0	0	0	0	0	0	0	0	0	0	0	0	0	0
0	0	0	0	0	0	0	0	0	0	0	0	0	0	0	0	0	0	0	0	0	0	0	0	0	0	0	0	0	0
0	0	0	0	0	0	0	0	0	0	0	0	0	0	0	0	0	0	0	0	0	0	0	0	0	0	0	0	0	0
0	0	0	0	0	0	0	0	0	0	0	0	0	0	0	0	0	0	0	0	0	0	0	0	0	0	0	0	0	0
0	0	0	0	0	0	0	0	0	0	0	0	0	0	0	0	0	0	0	0	0	0	0	0	0	0	0	0	0	0
0	0	0	0	0	0	0	0	0	0	0	0	0	0	0	0	0	0	0	0	0	0	0	0	0	0	0	0	0	0
0	0	0	0	0	0	0	0	0	0	0	0	0	0	0	0	0	0	0	0	0	0	0	0	0	0	0	0	0	0
-0.066189	-0.056116	-0.050564	-0.082183	-0.051146	-0.28952	-0.091555	-0.045814	-0.062548	-0.09186	-0.0026168	0.014059	-0.002978	-0.0023071	-0.010634	-0.0077434	-0.0071208	-0.0074345	-0.01159	-0.046682	-0.023315	-0.023044	-0.016593	-0.02021	-0.02523	-0.025652	-0.0464	-0.024217	-0.027758	-0.03364
0	0	0	0	0	0	0	0	0	0	0	0	0	0	0	0	0	0	0	0	0	0	0	0	0	0	0	0	0	0
0	0	0	0	0	0	0	0	0	0	0	0	0	0	0	0	0	0	0	0	0	0	0	0	0	0	0	0	0	0
0	0	0	0	0	0	0	0	0	0	0	0	0	0	0	0	0	0	0	0	0	0	0	0	0	0	0	0	0	0
0	0	0	0	0	0	0	0	0	0	0	0	0	0	0	0	0	0	0	0	0	0	0	0	0	0	0	0	0	0
0	0	0	0	0	0	0	0	0	0	0	0	0	0	0	0	0	0	0	0	0	0	0	0	0	0	0	0	0	0
0	0	0	0	0	0	0	0	0	0	0	0	0	0	0	0	0	0	0	0	0	0	0	0	0	0	0	0	0	0
0	0	0	0	0	0	0	0	0	0	0	0	0	0	0	0	0	0	0	0	0	0	0	0	0	0	0	0	0	0
-0.084424	-0.071576	-0.064494	-0.10482	-0.065236	-0.36928	-0.11678	-0.058436	-0.07978	-0.11717	-0.0033377	0.017933	-0.0037984	-0.0029427	-0.013564	-0.0098767	-0.0090826	-0.0094826	-0.014783	-0.059543	-0.029738	-0.029392	-0.021164	-0.025778	-0.032181	-0.032719	-0.059183	-0.030889	-0.035405	-0.042908
0	0	0	0	0	0	0	0	0	0	0	0	0	0	0	0	0	0	0	0	0	0	0	0	0	0	0	0	0	0
-0.047817	-0.07585	-0.091496	-0.056643	-0.06989	-0.064576	-0.044968	-0.059581	-0.047683	-0.057777	-0.04315	0.011059	-0.045882	-0.020732	-0.031825	-0.021054	-0.028785	-0.03135	-0.037319	-0.056732	-0.035332	-0.045126	-0.031692	-0.03281	-0.039969	-0.039715	-0.070221	-0.51323	-0.28835	-1.0902
-0.11068	-0.093834	-0.084549	-0.13742	-0.085522	-0.48411	-0.15309	-0.076607	-0.10459	-0.1536	-0.0043756	0.023509	-0.0049796	-0.0038578	-0.017781	-0.012948	-0.011907	-0.012431	-0.01938	-0.078059	-0.038985	-0.038532	-0.027745	-0.033794	-0.042188	-0.042893	-0.077587	-0.040494	-0.046414	-0.056251
0	0	0	0	0	0	0	0	0	0	0	0	0	0	0	0	0	0	0	0	0	0	0	0	0	0	0	0	0	0
-0.048281	-0.047867	-0.041511	-0.062171	-0.045396	-0.15439	-0.059374	-0.050822	-0.056245	-0.063645	-0.040183	-0.023731	-0.031635	-0.034469	-0.039526	-0.033846	-0.089491	-0.045678	-0.041398	-0.050777	-0.086774	-0.064434	-0.32088	-0.069061	-0.10132	-0.057318	-0.066984	-0.023182	-0.024851	-0.031786
0	0	0	0	0	0	0	0	0	0	0	0	0	0	0	0	0	0	0	0	0	0	0	0	0	0	0	0	0	0
0.0014876	-0.00084528	0.0069413	-0.0081481	0.0015586	0.032605	0.0045646	-0.00091252	-0.0008281	0.0064938	-0.195	-0.60254	-0.089294	-0.27337	-0.11993	-0.097777	-0.086979	-0.10061	-0.074914	-0.0025992	-0.024392	-0.014456	-0.046009	-0.017786	-0.015537	-0.032227	0.0049479	0.080863	0.035513	0.18201
-0.016106	-0.014475	-0.012614	-0.021016	-0.012958	-0.065233	-0.021655	-0.011802	-0.0155	-0.021737	-0.022091	-0.060652	-0.010972	-0.02998	-0.015783	-0.012569	-0.011405	-0.012972	-0.011309	-0.012136	-0.0086368	-0.0076814	-0.0093061	-0.0071662	-0.0082201	-0.01009	-0.011494	-0.0057095	-0.0075682	-0.006881
0	0	0	0	0	0	0	0	0	0	0	0	0	0	0	0	0	0	0	0	0	0	0	0	0	0	0	0	0	0
-0.0045352	-0.00665	-0.0029997	-0.0089337	-0.0050842	-0.0034995	-0.0043407	-0.0043569	-0.0048306	-0.0040947	-0.038778	-0.028725	-0.034228	-0.035673	-0.071788	-0.17276	-0.028022	-0.037694	-0.05945	-0.0064875	-0.0094729	-0.0089861	-0.014343	-0.0090766	-0.0082682	-0.019022	-0.0039882	-0.00074696	0.003406	-0.0049569
-0.027167	-0.026627	-0.023152	-0.034884	-0.025186	-0.08938	-0.033736	-0.027827	-0.031178	-0.03596	-0.020918	-0.01185	-0.016497	-0.017945	-0.020835	-0.017797	-0.046627	-0.023922	-0.021837	-0.027831	-0.04574	-0.034149	-0.1669	-0.036457	-0.053345	-0.030544	-0.036225	-0.0128	-0.013779	-0.017565
0	0	0	0	0	0	0	0	0	0	0	0	0	0	0	0	0	0	0	0	0	0	0	0	0	0	0	0	0	0
0	0	0	0	0	0	0	0	0	0	0	0	0	0	0	0	0	0	0	0	0	0	0	0	0	0	0	0	0	0
0	0	0	0	0	0	0	0	0	0	0	0	0	0	0	0	0	0	0	0	0	0	0	0	0	0	0	0	0	0
-0.0071792	-0.0079497	-0.0081421	-0.0093078	-0.0090718	-0.0093189	-0.0075317	-0.011525	-0.0082424	-0.011171	-0.001574	-0.00078084	0.0050729	-0.001467	-0.001617	-0.0017724	-0.0024698	-0.00036987	-0.0035522	-0.016063	-0.010078	-0.014913	-0.0094678	-0.011744	-0.018931	-0.010953	-0.070027	-0.0076647	-0.0069008	-0.0073469
0	0	0	0	0	0	0	0	0	0	0	0	0	0	0	0	0	0	0	0	0	0	0	0	0	0	0	0	0	0
-0.054067	-0.067877	-0.19802	-0.070938	-0.081748	-0.063196	-0.052024	-0.10868	-0.065453	-0.080308	-0.018439	-0.014601	-0.012244	-0.016218	-0.009555	0.017158	-0.014542	-0.013082	-0.013115	-0.050356	-0.037643	-0.036835	-0.027714	-0.030642	-0.038621	-0.032992	-0.078227	-0.44257	-0.86027	-0.34199
0	0	0	0	0	0	0	0	0	0	0	0	0	0	0	0	0	0	0	0	0	0	0	0	0	0	0	0	0	0
0	0	0	0	0	0	0	0	0	0	0	0	0	0	0	0	0	0	0	0	0	0	0	0	0	0	0	0	0	0
0	0	0	0	0	0	0	0	0	0	0	0	0	0	0	0	0	0	0	0	0	0	0	0	0	0	0	0	0	0
0	0	0	0	0	0	0	0	0	0	0	0	0	0	0	0	0	0	0	0	0	0	0	0	0	0	0	0	0	0
0	0	0	0	0	0	0	0	0	0	0	0	0	0	0	0	0	0	0	0	0	0	0	0	0	0	0	0	0	0
0.011378	0.0096468	0.0086922	0.014128	0.0087923	0.04977	0.015739	0.0078758	0.010752	0.015791	0.00044984	-0.0024169	0.00051194	0.00039661	0.0018281	0.0013312	0.0012241	0.001278	0.0019924	0.008025	0.004008	0.0039614	0.0028524	0.0034743	0.0043372	0.0044097	0.0079765	0.0041631	0.0047717	0.005783
-0.0095964	-0.015222	-0.018362	-0.011368	-0.014026	-0.01296	-0.0090246	-0.011957	-0.0095694	-0.011595	-0.0086598	0.0022195	-0.0092081	-0.0041606	-0.006387	-0.0042254	-0.0057769	-0.0062915	-0.0074896	-0.011386	-0.0070908	-0.0090564	-0.0063602	-0.0065845	-0.0080214	-0.0079703	-0.014093	-0.103	-0.057868	-0.2188
-0.027924	-0.030921	-0.031669	-0.036203	-0.035285	-0.036247	-0.029295	-0.044828	-0.03206	-0.043449	-0.0061221	-0.0030371	0.019732	-0.0057061	-0.0062896	-0.0068937	-0.0096067	-0.0014387	-0.013817	-0.062478	-0.0392	-0.058004	-0.036826	-0.04568	-0.073634	-0.042604	-0.27238	-0.029812	-0.026841	-0.028576
-0.042635	-0.053525	-0.15615	-0.055939	-0.064463	-0.049834	-0.041025	-0.085702	-0.051614	-0.063328	-0.01454	-0.011514	-0.0096552	-0.012789	-0.0075347	0.01353	-0.011468	-0.010316	-0.010342	-0.039709	-0.029684	-0.029047	-0.021854	-0.024164	-0.030455	-0.026016	-0.061687	-0.34899	-0.67838	-0.26968
-0.032574	-0.05167	-0.062329	-0.038586	-0.04761	-0.04399	-0.030633	-0.040588	-0.032482	-0.039359	-0.029395	0.0075338	-0.031256	-0.014123	-0.02168	-0.014343	-0.019609	-0.021356	-0.025423	-0.038647	-0.024069	-0.030741	-0.021589	-0.02235	-0.027228	-0.027054	-0.047836	-0.34962	-0.19643	-0.74268
0	0	0	0	0	0	0	0	0	0	0	0	0	0	0	0	0	0	0	0	0	0	0	0	0	0	0	0	0	0
-0.0078003	-0.0086375	-0.0088466	-0.010113	-0.0098567	-0.010125	-0.0081834	-0.012522	-0.0089556	-0.012137	-0.0017101	-0.0008484	0.0055118	-0.001594	-0.0017569	-0.0019257	-0.0026835	-0.00040187	-0.0038595	-0.017453	-0.01095	-0.016203	-0.010287	-0.01276	-0.020569	-0.011901	-0.076086	-0.0083278	-0.0074979	-0.0079826
0	0	0	0	0	0	0	0	0	0	0	0	0	0	0	0	0	0	0	0	0	0	0	0	0	0	0	0	0	0
0	0	0	0	0	0	0	0	0	0	0	0	0	0	0	0	0	0	0	0	0	0	0	0	0	0	0	0	0	0
-0.099364	-0.084242	-0.075906	-0.12337	-0.07678	-0.43462	-0.13744	-0.068777	-0.093898	-0.1379	-0.0039283	0.021106	-0.0044706	-0.0034635	-0.015964	-0.011625	-0.01069	-0.011161	-0.017399	-0.07008	-0.035	-0.034594	-0.024909	-0.03034	-0.037876	-0.038508	-0.069656	-0.036355	-0.04167	-0.050501
0	0	0	0	0	0	0	0	0	0	0	0	0	0	0	0	0	0	0	0	0	0	0	0	0	0	0	0	0	0
-0.05224	-0.082866	-0.099958	-0.061882	-0.076354	-0.070549	-0.049127	-0.065092	-0.052093	-0.063121	-0.047141	0.012082	-0.050126	-0.022649	-0.034769	-0.023002	-0.031448	-0.034249	-0.040771	-0.061979	-0.0386	-0.0493	-0.034623	-0.035844	-0.043666	-0.043388	-0.076716	-0.5607	-0.31502	-1.1911
0.02001	0.025121	0.073288	0.026254	0.030255	0.023389	0.019254	0.040223	0.024224	0.029722	0.0068242	0.0054037	0.0045315	0.0060023	0.0035363	-0.0063502	0.0053821	0.0048416	0.0048537	0.018637	0.013931	0.013633	0.010257	0.011341	0.014293	0.01221	0.028952	0.16379	0.31839	0.12657
0	0	0	0	0	0	0	0	0	0	0	0	0	0	0	0	0	0	0	0	0	0	0	0	0	0	0	0	0	0
0	0	0	0	0	0	0	0	0	0	0	0	0	0	0	0	0	0	0	0	0	0	0	0	0	0	0	0	0	0
-0.032363	-0.040964	-0.033751	-0.04452	-0.040787	-0.030741	-0.030308	-0.056354	-0.0513	-0.038355	-0.075951	-0.059432	-0.058936	-0.065092	-0.067179	-0.058798	-0.16794	-0.08217	-0.069938	-0.055454	-0.14751	-0.10418	-0.61052	-0.11586	-0.17411	-0.087862	-0.087337	-0.022605	-0.022552	-0.030587
0	0	0	0	0	0	0	0	0	0	0	0	0	0	0	0	0	0	0	0	0	0	0	0	0	0	0	0	0	0
0	0	0	0	0	0	0	0	0	0	0	0	0	0	0	0	0	0	0	0	0	0	0	0	0	0	0	0	0	0
0	0	0	0	0	0	0	0	0	0	0	0	0	0	0	0	0	0	0	0	0	0	0	0	0	0	0	0	0	0
-0.1405	-0.057833	-0.02459	-0.035827	-0.030492	-0.036103	-0.063957	-0.023269	-0.033706	-0.042353	-0.0043864	-0.0020892	-0.0039405	-0.0053795	-0.007291	-0.0054736	-0.005447	-0.0065985	-0.0070121	-0.019445	-0.013037	-0.011894	-0.0095279	-0.010317	-0.012157	-0.012501	-0.019497	-0.01044	-0.012953	-0.013587
0	0	0	0	0	0	0	0	0	0	0	0	0	0	0	0	0	0	0	0	0	0	0	0	0	0	0	0	0	0
0	0	0	0	0	0	0	0	0	0	0	0	0	0	0	0	0	0	0	0	0	0	0	0	0	0	0	0	0	0
0	0	0	0	0	0	0	0	0	0	0	0	0	0	0	0	0	0	0	0	0	0	0	0	0	0	0	0	0	0
0	0	0	0	0	0	0	0	0	0	0	0	0	0	0	0	0	0	0	0	0	0	0	0	0	0	0	0	0	0
0	0	0	0	0	0	0	0	0	0	0	0	0	0	0	0	0	0	0	0	0	0	0	0	0	0	0	0	0	0
-0.0045562	-0.00619	-0.0046501	-0.006192	-0.0057192	-0.0048147	-0.0043766	-0.0072053	-0.0059955	-0.0054064	-0.0032286	-0.0028382	-0.0018898	-0.0036533	-0.0040691	-0.0041544	-0.0046642	-0.0035075	-0.0067793	-0.0089157	-0.018128	-0.045657	-0.011749	-0.018966	-0.018138	-0.017065	-0.015514	-0.0035938	-0.0033804	-0.0049117
-0.017243	-0.023426	-0.017598	-0.023434	-0.021645	-0.018221	-0.016563	-0.027269	-0.02269	-0.020461	-0.012219	-0.010741	-0.007152	-0.013826	-0.0154	-0.015723	-0.017652	-0.013274	-0.025657	-0.033742	-0.068606	-0.17279	-0.044465	-0.071777	-0.068644	-0.064584	-0.058712	-0.013601	-0.012793	-0.018589
0	0	0	0	0	0	0	0	0	0	0	0	0	0	0	0	0	0	0	0	0	0	0	0	0	0	0	0	0	0
0	0	0	0	0	0	0	0	0	0	0	0	0	0	0	0	0	0	0	0	0	0	0	0	0	0	0	0	0	0
0	0	0	0	0	0	0	0	0	0	0	0	0	0	0	0	0	0	0	0	0	0	0	0	0	0	0	0	0	0
0	0	0	0	0	0	0	0	0	0	0	0	0	0	0	0	0	0	0	0	0	0	0	0	0	0	0	0	0	0
0	0	0	0	0	0	0	0	0	0	0	0	0	0	0	0	0	0	0	0	0	0	0	0	0	0	0	0	0	0
0	0	0	0	0	0	0	0	0	0	0	0	0	0	0	0	0	0	0	0	0	0	0	0	0	0	0	0	0	0
0	0	0	0	0	0	0	0	0	0	0	0	0	0	0	0	0	0	0	0	0	0	0	0	0	0	0	0	0	0
0	0	0	0	0	0	0	0	0	0	0	0	0	0	0	0	0	0	0	0	0	0	0	0	0	0	0	0	0	0
0	0	0	0	0	0	0	0	0	0	0	0	0	0	0	0	0	0	0	0	0	0	0	0	0	0	0	0	0	0
0	0	0	0	0	0	0	0	0	0	0	0	0	0	0	0	0	0	0	0	0	0	0	0	0	0	0	0	0	0
0	0	0	0	0	0	0	0	0	0	0	0	0	0	0	0	0	0	0	0	0	0	0	0	0	0	0	0	0	0
0	0	0	0	0	0	0	0	0	0	0	0	0	0	0	0	0	0	0	0	0	0	0	0	0	0	0	0	0	0
0	0	0	0	0	0	0	0	0	0	0	0	0	0	0	0	0	0	0	0	0	0	0	0	0	0	0	0	0	0
0	0	0	0	0	0	0	0	0	0	0	0	0	0	0	0	0	0	0	0	0	0	0	0	0	0	0	0	0	0
0	0	0	0	0	0	0	0	0	0	0	0	0	0	0	0	0	0	0	0	0	0	0	0	0	0	0	0	0	0
0	0	0	0	0	0	0	0	0	0	0	0	0	0	0	0	0	0	0	0	0	0	0	0	0	0	0	0	0	0
-0.048925	-0.13478	-0.024099	-0.029853	-0.044578	-0.025894	-0.03037	-0.019908	-0.025306	-0.034703	-0.0057591	-0.0037332	-0.0068568	-0.0069834	-0.0089932	-0.0067898	-0.0072758	-0.010706	-0.0084327	-0.018371	-0.013351	-0.013671	-0.010203	-0.01084	-0.012668	-0.012778	-0.018265	-0.01242	-0.013757	-0.018233
0	0	0	0	0	0	0	0	0	0	0	0	0	0	0	0	0	0	0	0	0	0	0	0	0	0	0	0	0	0
0	0	0	0	0	0	0	0	0	0	0	0	0	0	0	0	0	0	0	0	0	0	0	0	0	0	0	0	0	0
0	0	0	0	0	0	0	0	0	0	0	0	0	0	0	0	0	0	0	0	0	0	0	0	0	0	0	0	0	0
0	0	0	0	0	0	0	0	0	0	0	0	0	0	0	0	0	0	0	0	0	0	0	0	0	0	0	0	0	0
0	0	0	0	0	0	0	0	0	0	0	0	0	0	0	0	0	0	0	0	0	0	0	0	0	0	0	0	0	0
0	0	0	0	0	0	0	0	0	0	0	0	0	0	0	0	0	0	0	0	0	0	0	0	0	0	0	0	0	0
0	0	0	0	0	0	0	0	0	0	0	0	0	0	0	0	0	0	0	0	0	0	0	0	0	0	0	0	0	0
0	0	0	0	0	0	0	0	0	0	0	0	0	0	0	0	0	0	0	0	0	0	0	0	0	0	0	0	0	0
0	0	0	0	0	0	0	0	0	0	0	0	0	0	0	0	0	0	0	0	0	0	0	0	0	0	0	0	0	0
0	0	0	0	0	0	0	0	0	0	0	0	0	0	0	0	0	0	0	0	0	0	0	0	0	0	0	0	0	0
0	0	0	0	0	0	0	0	0	0	0	0	0	0	0	0	0	0	0	0	0	0	0	0	0	0	0	0	0	0
0	0	0	0	0	0	0	0	0	0	0	0	0	0	0	0	0	0	0	0	0	0	0	0	0	0	0	0	0	0
0.013258	0.0085839	0.023064	0.0057528	0.019174	0.026149	0.015471	0.032231	0.01663	0.031719	-0.13858	-0.10427	-0.14954	-0.1274	-0.26201	-0.63946	-0.09453	-0.13959	-0.20766	0.043367	0.006979	0.029165	-0.013829	0.01548	0.04878	-0.025092	0.28003	0.029488	0.041822	0.012385
0	0	0	0	0	0	0	0	0	0	0	0	0	0	0	0	0	0	0	0	0	0	0	0	0	0	0	0	0	0
-0.070176	-0.077708	-0.079589	-0.090984	-0.088677	-0.091092	-0.073623	-0.11266	-0.08057	-0.10919	-0.015386	-0.0076327	0.049588	-0.01434	-0.015806	-0.017325	-0.024143	-0.0036155	-0.034723	-0.15701	-0.098515	-0.14577	-0.092548	-0.1148	-0.18505	-0.10707	-0.68451	-0.074922	-0.067455	-0.071816
0	0	0	0	0	0	0	0	0	0	0	0	0	0	0	0	0	0	0	0	0	0	0	0	0	0	0	0	0	0
0	0	0	0	0	0	0	0	0	0	0	0	0	0	0	0	0	0	0	0	0	0	0	0	0	0	0	0	0	0
0	0	0	0	0	0	0	0	0	0	0	0	0	0	0	0	0	0	0	0	0	0	0	0	0	0	0	0	0	0
0	0	0	0	0	0	0	0	0	0	0	0	0	0	0	0	0	0	0	0	0	0	0	0	0	0	0	0	0	0
-0.053514	-0.052443	-0.043552	-0.075224	-0.04577	-0.18907	-0.068639	-0.042678	-0.052984	-0.068953	-0.18719	-0.54136	-0.090807	-0.25565	-0.12243	-0.098431	-0.089193	-0.1023	-0.082595	-0.044441	-0.044414	-0.036522	-0.058863	-0.035735	-0.038347	-0.053936	-0.039271	-0.017997	-0.029462	-0.015941
0	0	0	0	0	0	0	0	0	0	0	0	0	0	0	0	0	0	0	0	0	0	0	0	0	0	0	0	0	0
0	0	0	0	0	0	0	0	0	0	0	0	0	0	0	0	0	0	0	0	0	0	0	0	0	0	0	0	0	0
-0.065499	-0.1039	-0.12533	-0.077588	-0.095734	-0.088455	-0.061597	-0.081614	-0.065315	-0.079142	-0.059107	0.015149	-0.062849	-0.028398	-0.043594	-0.02884	-0.03943	-0.042942	-0.05112	-0.077711	-0.048398	-0.061814	-0.043411	-0.044942	-0.054749	-0.054401	-0.096188	-0.70302	-0.39497	-1.4934
0	0	0	0	0	0	0	0	0	0	0	0	0	0	0	0	0	0	0	0	0	0	0	0	0	0	0	0	0	0
-0.036621	-0.040552	-0.041533	-0.047479	-0.046276	-0.047536	-0.03842	-0.05879	-0.042045	-0.056981	-0.0080289	-0.0039831	0.025877	-0.0074834	-0.0082486	-0.0090409	-0.012599	-0.0018867	-0.01812	-0.081938	-0.05141	-0.07607	-0.048296	-0.059907	-0.096568	-0.055874	-0.35721	-0.039098	-0.035201	-0.037477
0	0	0	0	0	0	0	0	0	0	0	0	0	0	0	0	0	0	0	0	0	0	0	0	0	0	0	0	0	0
0	0	0	0	0	0	0	0	0	0	0	0	0	0	0	0	0	0	0	0	0	0	0	0	0	0	0	0	0	0
0	0	0	0	0	0	0	0	0	0	0	0	0	0	0	0	0	0	0	0	0	0	0	0	0	0	0	0	0	0
