254119 7739767
254487 9395446
254550 12199849
254594 9296475
254657 2223603
254727 4714461
254762 9394703
254838 7770151
255085 9467766
255158 10484248
255688 2754822
255689 2754821
255750 2806371
255792 1268055
255937 472656
256335 17310529
256406 2070699
256464 12201479
256472 511319
256567 10484256
256632 3777754
256846 17556190
257121 6925615
257177 201249
257237 10484261
257244 10484262
257341 9396715
257348 9283926
257441 855375
257484 2072768
257687 9470187
257737 3761980
257800 16884919
258203 3800472
258330 17696583
258431 10484269
258434 12193156
258488 4715174
258831 1876157
258872 9386144
259007 6903206
259036 7751526
259145 2227121
259214 183317
259789 6903494
259894 9321194
259904 9402186
259918 17396809
259968 4458716
260413 17348534
260420 9489487
260478 2181513
260596 10484290
260642 1894612
261025 17079281
261098 9489173
261689 6934928
261857 2432797
261941 408705
262016 10458088
262046 2326613
262047 7749599
262133 2142736
262161 9328321
262214 7746914
262270 4960121
262419 7756967
262532 9504505
262860 10484318
262862 1407793
262877 10155777
262934 9405884
262957 1555537
263100 2326689
263139 595805
263300 13194966
263308 13203312
263382 3799559
263511 4114866
263639 11753672
263667 11757413
263669 6939615
263670 9504775
263815 17142963
263857 2757632
263957 9505240
264116 910553
264247 11243305
264493 2050039
264520 10484331
264750 9370742
264865 1122808
264956 7756127
264977 6914079
264979 1891278
264985 10484339
264987 857476
265002 857464
265113 9464704
265184 7744570
265225 1267494
265236 1267488
265276 16875631
265330 2247548
265558 6459338
265717 11758573
265799 17430541
265913 9370694
265955 6931813
265956 6932716
266032 10484350
266062 220933
266153 9476934
266193 220906
266334 6910708
266382 2743867
266416 12203173
266490 9296978
266596 2327897
266638 16876416
266688 4712251
266735 2282827
266802 11756544
266811 2237156
267116 17641827
267144 11963956
267482 2327959
267486 932411
267490 4716069
267543 9350008
267638 9477159
267747 9383187
267801 2237165
267871 2327995
267911 3812205
267947 1150627
267986 10484367
268012 1144695
268031 648411
268108 16879224
268157 6942123
268185 9464952
268198 1240825
268230 10949381
268401 6459609
268435 1570683
268687 1324573
268770 9383403
268800 16880897
268890 9465170
269027 12174525
269203 1033820
269217 9297091
269267 12205846
269319 10949550
269363 1413804
269574 16881537
269705 1322531
269876 9283873
269903 10946507
270248 16897515
270263 1156457
270307 7754411
270406 16900009
270837 16868156
270900 4141691
271114 1225710
271131 868987
271388 10456319
271453 2744288
271454 2744290
271667 2032553
271686 17638078
271920 16883204
271972 9382699
272141 9363514
272189 9345762
272273 10484412
272284 208439
272802 2670380
272851 2812171
272867 2670356
272985 16898504
273014 13194883
273028 17658544
273236 16881986
273252 10214554
273434 6940542
273586 6938233
273622 2071297
273703 2237231
273822 2051542
273833 198838
274001 1997768
274143 16891525
274183 9366649
274194 12203176
274229 3757146
274274 10456045
274290 12207930
274357 7773938
274358 2893857
274371 4713001
274685 9393948
274917 9468726
274921 10947075
274945 16871204
275101 10484454
275409 9493175
275563 9493185
275617 2049923
275639 7771810
275699 2294231
275790 620611
275947 4483016
276274 7758871
276874 9390911
276909 9390923
277044 10484474
277314 9390986
277582 7776346
277678 174407
277688 7748820
277810 3752545
278104 1292339
278174 387965
278226 432086
278243 380883
278264 397311
278734 2206057
278797 2179287
279039 6922031
279068 4363056
279095 10484491
279206 927182
279352 2757649
279699 10872428
279711 9402691
279781 9376092
280495 1407107
280620 7765392
280637 11155632
280788 9377200
280941 514839
281322 9371388
281422 4870384
281559 1358727
281665 11759294
281939 909793
282481 9295396
282497 2881062
283048 10484511
283122 395843
283205 205989
283233 4709814
283423 17446444
283732 6935481
283744 1040641
283767 6455922
283799 1099650
283819 845676
283987 10484521
284043 4709129
284084 909768
284227 7755114
284291 3799570
284304 4710074
284600 9295350
284765 2235296
284855 9295014
284937 9371139
284962 9383492
285464 9457274
285561 9295385
285696 12176440
285897 566349
286160 16897568
286182 1744494
286392 4716370
286684 9456212
286796 2342642
287101 197962
287112 197953
287185 199099
287232 199070
287246 3920500
287558 9295775
288068 2050045
288168 2032500
288247 9257453
288257 10484544
288258 6914501
288363 9393945
288452 7766902
288559 6934993
288563 3749970
288659 7770592
289035 29273
289157 1610593
289244 1633069
289357 4084097
289611 9260968
289680 9261189
289744 9261389
289777 2523990
289915 9366754
290072 261950
290094 6912771
290125 3094061
290176 970269
290286 17411480
290676 2517446
290732 6933349
291053 16899203
291295 9266409
291406 16899646
291568 3131631
291717 805301
292361 9268302
292519 2001097
292520 9268541
293881 7775228
293898 6457617
294072 9275765
294415 17429127
294446 2857161
294667 3101942
294696 151719
294751 17840186
294818 1044429
295253 2071025
295563 4574608
295685 2038148
295752 9467239
295927 1883230
296136 796707
296531 601575
296920 6909109
297145 199243
297262 561642
297282 550149
297344 197482
297361 12530167
297444 12205601
297481 6924380
297696 12201186
297896 9321616
297989 7775153
298150 552018
298202 12524361
298337 539133
298354 2494109
298411 2473555
298441 9498038
298481 754178
298721 7748095
298767 2065147
298826 1889503
298953 4869856
299068 9385565
299097 9388899
299341 4896708
299464 760855
299529 2473094
299557 1556640
299621 9385828
299637 4895514
299702 6914153
299782 9470265
300009 7763347
300057 9380602
300081 236387
300113 2071823
300124 508263
300175 9364041
300314 1924664
300315 9360326
300437 9445769
300438 1553392
300571 6458389
301091 9375927
301434 9460546
301728 6930922
301863 9350215
301949 16883305
301973 2472775
301993 492591
302022 7749252
302025 9295456
302026 965037
302093 1202297
302101 994646
302206 6926229
302208 9368128
302240 6921786
302241 6921866
302363 9366310
302399 16882440
302454 2297983
302464 3777654
302556 9474772
302592 11757700
302660 2797425
302712 519978
302789 1359563
302825 16884583
302908 763813
302953 9382254
303031 2516798
303155 2268946
303456 17530027
303547 9379626
303700 2294859
303753 16883632
303873 12173723
303913 190759
303933 283553
303979 6901576
304028 7745565
304380 16880300
304486 296429
304519 159415
304655 9322128
304714 6921590
304742 9390537
304770 1890957
304784 9390533
304877 7769846
304957 9497904
304995 3892759
305018 646839
305138 112667
305494 17387507
305682 6912859
305724 213813
305852 9362101
305957 484890
306036 17134549
306153 9378661
306240 9391933
306243 1157673
306422 9503011
306701 12210074
306963 7757259
307040 7738467
307227 7771018
307355 16877440
307464 9393351
307584 9466472
307587 6933879
307758 12529487
308065 742110
308090 4710911
308139 2743610
308198 9356821
308245 10484722
308286 1772075
308562 1418591
308711 1623132
308740 4708340
308744 6453980
308801 9352484
308840 1778248
308843 1778245
308845 1777783
308899 1674195
308973 982570
309008 11153579
309078 9400855
309171 17071798
309181 6906468
309210 262114
309211 17071819
309258 926557
309283 9322311
309439 7744763
309444 235701
309622 17086573
309725 802297
309727 802296
309797 2689888
309967 7751055
309975 17051777
310231 1415190
310535 1796695
310555 1796687
310819 1934788
311283 16875178
311815 9394756
312268 12176148
312273 17584185
312379 9294158
312396 6925597
312415 9443711
312854 2246372
312887 2608912
313470 6569950
313841 6906788
314472 6557093
314541 9397354
314554 7772605
314825 803447
314947 9478904
315432 215006
315568 1326552
316215 11970370
316218 845897
316352 3799305
316370 9504361
316440 1747593
316445 1747592
316483 1150855
316484 3736722
316687 10456188
316764 16887916
317717 6920537
317772 11963528
318155 2038091
318513 16894545
318519 504844
318527 554427
318914 2842658
319010 1180227
319377 7750867
319592 12661572
319807 161057
319991 9403505
320018 9390110
320144 12216096
320158 10484804
320201 6912373
320348 2817781
320422 17071719
320941 12194665
321043 9373254
321075 9385883
321281 7739751
321282 16892910
321305 7771341
321326 993251
321405 10945761
321573 737715
321641 17651062
321654 6933655
322072 13217906
322259 17073267
322370 2328542
322423 2328544
322790 9394610
322908 4714256
323020 10947809
323099 16892009
323178 2281686
323294 10807205
323357 2758884
323499 1040596
323672 631367
323797 1015340
324064 946120
324068 1206153
324333 1883327
324407 233479
324874 441034
324961 17077741
324962 1204853
325115 742930
325547 2179760
325642 10484840
325717 3777622
325745 7773297
326019 1571442
326050 678312
326052 677439
326066 220705
326210 9472919
326216 399283
326251 17139748
326365 10484845
326533 9502268
326562 435545
326574 376210
326607 1864057
326892 2235871
327045 16891340
327099 9296268
327216 1033524
327256 1738188
327421 769064
327723 17542411
327757 243121
327777 16869259
327842 6929091
328023 6928245
328063 13205707
328086 6908728
328523 2268666
328679 11155475
328695 1884051
328933 725467
328988 2813484
329267 17310198
329786 9387622
329837 9481914
329927 9489931
329944 6922758
330130 3812147
330218 194611
330296 2295984
330299 16893391
330324 194915
330885 16882886
331112 3734435
331135 10484874
331401 16882561
331467 16882478
331525 4712005
331811 2397083
331994 10948675
332165 242264
332209 4707364
332272 2273238
332343 9294443
332391 17293240
332413 12530146
332453 17294425
332569 492696
332665 6923826
333151 2076257
333211 4713039
333316 16890104
333320 16890100
333337 2894033
333344 16890067
333351 392852
333378 9379716
333395 3812108
333600 673782
333602 673285
333614 418145
333639 647297
333761 2747682
333847 11757379
333939 9354973
333995 9455334
334063 9354961
334119 16869716
334143 1158058
334161 16869647
334314 576516
334499 4260769
334569 12665132
334645 9373956
334742 2430467
334800 2110903
334808 17269207
335270 4946900
335383 17069168
335675 17609498
335836 1969759
336196 17740488
336210 6910780
336343 11966644
336361 240734
336422 1323070
336429 542717
336628 3756987
336648 9496158
337064 1871859
337144 865898
337256 2982565
337259 2982561
337696 9470876
337904 16890509
337932 6458047
337960 9470825
337966 16890428
338033 16890365
338554 9352747
338610 2803182
338643 16890737
338661 12213051
338677 16890720
338823 989191
338838 10806163
338883 956550
338889 11242735
339050 6916581
339124 17188265
339273 2341533
339279 1977751
339401 1544167
339404 17831859
339569 17675014
339707 9320784
339735 11153986
339740 2358164
339903 1891646
339920 1687135
339955 10484958
339998 2144021
340219 7756951
340361 7755529
340463 9481991
340860 9444172
340896 7761054
340920 4527671
341085 7759564
341134 9474943
341177 7743287
341439 9320281
341538 9365568
341598 6902889
341897 13201608
341935 11965562
342057 16879528
342095 16886284
342123 10485007
342318 765782
342367 6907847
342437 6925923
342448 9358575
342510 1555108
342652 1884311
342706 9368993
342772 7349905
342789 9346471
342860 199638
343114 2078604
343226 9294604
343331 384105
343333 2076704
343625 1548760
343643 2025707
343938 1352380
344048 225710
344230 16890194
344382 6900617
344587 680172
344658 1433731
344728 12212516
344760 12202544
344862 1055403
344887 3173197
344894 11965495
344975 12663434
345002 17766774
345308 17165333
345377 4709298
345457 2745347
345576 9357421
345882 112500
345925 12196066
346038 10948402
346187 10944770
346232 6455013
346364 634479
346403 17275521
346462 558025
346780 2499636
346832 9373918
346942 1474911
347037 9362111
347051 4620088
347104 1535556
347170 16875501
347198 10485068
347295 2145900
347297 2145898
347355 10485072
347729 6921138
347817 9968963
347840 1286044
347841 1286045
347878 10900993
348040 4959398
348045 9392821
348080 17142407
348093 7770797
348247 6919894
348358 12526990
348400 6911435
348466 16893863
348645 2497129
348663 2497117
348856 2324476
348883 6454338
348902 17059517
348965 4897467
349037 17059678
349162 9366399
349226 17622252
349336 11755275
349436 484406
349598 1535334
349895 221724
350004 1706123
350179 17077512
350676 4714586
350745 550668
351106 150125
351175 16879996
351185 16883023
351211 366103
351212 205349
351255 791054
351395 17756732
351434 12195578
351660 7758115
351743 9491471
351871 12530352
352540 9399652
352561 17306522
352820 149293
353042 10755388
353163 13212099
353168 3757007
353199 9341963
353271 512140
353304 12204318
353820 746963
353881 2353589
354028 3851212
354041 17066910
354043 553307
354894 229932
355626 17460940
356186 283043
356328 281868
356392 6454696
356718 16880378
356879 1078602
357457 9689605
357559 10485175
357568 736859
357632 16877991
357636 16877997
357664 828360
357709 16878093
358203 3213531
358249 9398434
358378 9372465
358717 654128
358970 1741660
359009 1334662
359013 1413740
359016 1761859
359074 1741673
359093 17078688
359126 1413751
359184 10485194
359204 7775386
359303 7753048
359577 797145
359584 2753254
359610 797132
359794 12197272
359795 6917698
360182 6901717
360192 9480409
360397 287916
360654 12192878
360657 12206418
360793 16882471
360840 9446697
361018 4707981
361182 17309207
361186 13208348
361210 983691
361224 17084250
361431 2064577
361448 2642467
361665 672369
361710 9389578
361718 10457669
361821 12663112
361835 6929006
361952 10485229
362017 9495363
362197 13200960
362200 6934461
362266 17136721
362328 7738922
362346 6596989
362571 17137008
362697 7747163
362785 9375953
362863 4895959
363138 3799877
363646 6938019
363658 2069129
363814 10485241
363848 282123
364261 12201626
364318 6928201
364373 2181011
364493 3806014
364669 10485244
365032 16867531
365276 7752099
365282 9454720
365597 6928675
365742 2350396
365761 6922799
365921 6557316
365985 10485258
366026 1781624
366073 9479702
366158 17084671
366264 16879934
366451 589469
367030 9386284
367208 17054628
367273 1415483
367456 9386290
367957 7749722
368011 2782892
368109 9399737
368169 7741680
368226 17063003
368325 17783795
368340 7760884
368424 10485280
368984 9464440
369491 10457849
369568 9485417
369834 6911391
369979 944667
370104 12189594
370160 425233
370436 10949271
370540 9349965
370738 10485311
370899 16896392
371059 713212
371250 1265290
371255 12197303
371303 17570029
371387 4959950
371577 1075869
371666 4711896
371723 9381594
371931 10948378
371940 1928461
372217 16876605
372291 1328974
372376 6904563
372446 10807383
372520 6458215
372642 4714455
373600 3793075
373607 16868975
373651 17650115
374076 9455845
374261 17789278
374566 9321028
374680 3778458
374682 3799757
374687 4896804
374911 10485341
375271 16869650
375386 755495
375619 9376037
375690 9321443
375691 4896044
375708 6569943
375802 17063661
375920 528036
375975 497280
376231 12201149
376265 10485355
376476 214614
376823 10485359
376925 6903888
376926 6926527
376996 1223520
377098 11155479
377212 9322078
377527 17529284
377584 10944640
377620 12211644
377651 16870683
377791 6935980
377847 679907
377911 17543146
378243 10806039
378269 2951920
379121 4839895
379122 1206103
379236 1206084
379240 1552568
379284 875303
379289 9341461
379313 9293961
379423 4469252
379448 4476794
379489 794609
379828 3846790
379960 932223
380138 10872028
380460 11964002
380591 10806221
380920 1406829
380962 9488095
381086 395564
381142 405948
381156 354532
381222 899276
381317 6569665
381363 17058461
381377 1034261
381572 1220445
381684 12213600
381898 1504289
382046 1145745
382292 9400541
382318 12717171
382411 7763113
382415 12207729
382560 1853158
382570 9482416
382682 3734279
382891 1150579
383017 2235418
383072 2235401
383193 7739436
383230 10485420
383248 7739740
383263 2103738
383318 16872077
383392 16873629
383458 6924440
383681 12215249
383744 283207
383886 6926403
384215 7767423
560233 9344695
560286 6925648
828603 16872978
1055630 1190280
1167710 3904796
1471495 7758338
1471503 2804744
1471534 2788245
1471545 9505014
1471587 9328416
1471644 7768872
1471992 12209110
1471999 6596805
1472008 13362718
1472143 4959544
1472211 9378623
1472350 17134819
1472355 9328087
1472477 2446117
1472660 6918808
1472666 2763049
1472784 6917105
1472785 6923348
1473007 167555
1473010 160704
1473017 17135727
1473163 9503329
1473261 1358869
1473720 9501987
1473740 13436964
1473787 1887843
1474190 11242886
1474227 7761276
1474376 2764142
1474464 6597099
1474478 947155
1474597 1923313
1474712 11243009
1474736 12200334
1474942 12196470
1475254 2714342
1475555 6938572
1475695 911749
1475834 169124
1476226 605107
1476342 3798710
1476346 1323739
1476384 3778166
1476618 9348896
1476696 6925772
1476703 17765290
1476837 6939913
1476872 2228220
1476932 10947954
1476968 16872733
1477002 7774034
1477168 1413513
1477260 2490444
1477271 6911432
1477359 13219256
1478023 2841555
1478193 552655
1478414 6934328
1478630 4310061
1478876 1885366
1478896 17620924
1478964 6938496
1479018 9396812
1479497 3789226
1479503 2328208
1479506 17302512
1479528 536700
1479578 9297076
1479652 4582372
1479691 9366294
1479746 4712397
1479832 10498697
1479857 10946406
1480148 16884514
1480152 6456397
1480205 17835633
1480377 12663594
1480588 9466180
1480843 9466231
1480902 17261487
1481054 6924146
1481114 4510658
1481485 10456039
1481995 12195633
1482015 12196880
1482118 9295624
1482139 17247566
1482180 10498721
1482281 9467445
1482414 880225
1482467 16890640
1482495 10498727
1482587 9393648
1482736 12662869
1483773 877187
1484093 2475803
1484108 16892750
1484155 16883137
1484283 16869652
1484464 9380406
1484730 9394277
1484739 16872293
1484763 16871814
1484765 16871809
1484774 16871749
1484830 820084
1484912 2177380
1484919 10947535
1485093 4395718
1485199 6909991
1485316 13192293
1485431 864396
1485576 6917404
1485785 7759792
1485863 6930859
1486063 2815109
1486198 2499450
1486206 302572
1486226 160019
1486505 12207214
1486581 9471321
1486605 10947890
1486657 987065
1486669 1433725
1486774 9380975
1486803 9394717
1486817 9369223
1486872 7776304
1486933 4308545
1486971 4401651
1487069 1825406
1487093 9296359
1487099 10947956
1487118 2234246
1487234 2477816
1487356 1028818
1487655 9367149
1487924 1150798
1488657 9395005
1489097 9296470
1489333 1999908
1489682 4714933
1489714 876121
1489776 7746912
1489808 12192544
1489941 9472935
1490007 13198421
1490167 6938084
1490467 10498774
1490509 10948367
1490549 2456915
1490896 766049
1490979 2244782
1491341 12212993
1491685 4715151
1492020 12207943
1492253 1327268
1492465 1327275
1492498 6929426
1492599 10807424
1492815 9296658
1492886 624699
1492897 2244111
1492974 814202
1493020 1326610
1493237 9474084
1493525 2435327
1493531 6922676
1493985 4437471
1494065 7758586
1494077 1508635
1494085 12663327
1494086 10498797
1494294 4712075
1494421 4142972
1494692 1546298
1494707 6927212
1494770 10498809
1494916 12525967
1495103 17752002
1495210 13190784
1495267 17685185
1495287 9475758
1495385 9370674
1495932 16900674
1495993 16867909
1496103 2261485
1496161 16885317
1496455 1779758
1496744 16894460
1496758 9344621
1497706 10498832
1498275 12202805
1498480 9294736
1498535 1377705
1498575 6930520
1498656 12665811
1498698 17539557
1499128 9346051
1499324 9445946
1499473 4706314
1499654 9294789
1499670 1993329
1499847 3902666
1499951 17579120
1499972 7356811
1500411 2487411
1500583 1736
1500806 13197182
1500936 7754217
1501157 1322761
1501234 9364166
1501248 9351848
1501747 1548335
1501871 16882872
1501926 4707995
1502232 9446834
1502280 7748968
1502294 947611
1502373 3799285
1503002 7751523
1503006 12189952
1503194 508269
1503215 2756345
1503404 2785687
1503628 2756344
1503636 4112823
1504043 9343314
1504324 17802616
1504668 2451576
1504767 1490208
1504797 12529543
1504868 1350401
1504961 9343494
1505047 10498910
1505140 9447907
1505205 12213347
1505661 17796028
1505712 13205628
1505776 9361377
1505814 6454082
1505876 9352667
1505877 9448584
1505996 1485371
1506109 196684
1506171 1385530
1506180 17799462
1506332 3828761
1506498 9352839
1506713 9361638
1506780 6931557
1507092 6454231
1507185 1145882
1507524 9449500
1507592 6941906
1507623 2246462
1507647 392692
1507648 9449519
1508038 7745675
1508092 12201760
1508524 7774683
1508542 10498942
1508713 4707075
1508751 3924678
1508786 6913418
1508814 12209001
1508941 6914339
1508984 9294327
1509120 17217341
1509267 10944128
1509276 4707207
1509598 4707272
1509787 1535228
1510093 6941356
1510123 6454599
1510231 2787892
1510234 16879825
1510329 2787938
1510394 715207
1510527 6910429
1510532 2509458
1510648 7741087
1510704 1923415
1511029 16881936
1511082 9359856
1511227 12661021
1511297 12203124
1511326 12204886
1511349 285644
1511354 285642
1511387 6454806
1511423 285612
1511653 2064832
1511782 6913089
1512032 6924108
1512284 9362914
1512324 9342302
1512325 6927160
1512541 1493556
1512578 10498978
1512766 12215940
1513052 9445018
1513201 4269341
1513267 16871170
1513529 591548
1513566 6915701
1513702 6922198
1513717 10944687
1513725 10806478
1513807 9445062
1513953 17762226
1513978 9354042
1514280 10806489
1514957 4133133
1515155 11156191
1515273 4840139
1515446 9374204
1515535 9400365
1515660 9384673
1515674 7740887
1515695 9387246
1515717 17745356
1515797 9320598
1515800 17752168
1515814 17058113
1515868 9375098
1515869 9401491
1515871 4307179
1516009 10499017
1516045 1562865
1516058 6940828
1516074 17058404
1516088 7749262
1516222 9401968
1516247 17767849
1516274 2219958
1516334 17769046
1516335 1481453
1516402 7762570
1516421 10499023
1516505 11154712
1516588 4839985
1516795 13208607
1516959 7749425
1516960 7749641
1517075 2658152
1517092 9403683
1517115 17060441
1517401 17063178
1517521 9322660
1517525 9322661
1517542 17063309
1517591 9404214
1517598 17443301
1517615 17063399
1517833 9390898
1517980 17449356
1518019 447871
1518034 549374
1518047 434936
1518113 271889
1518141 1417665
1518200 156232
1518208 17519592
1518306 17065158
1518324 1890512
1518333 12204422
1518934 4945728
1519070 9791179
1519444 17067428
1519518 9486404
1519586 2027561
1519800 9486619
1519914 9486730
1520043 9285394
1520074 6921876
1520081 9320231
1520104 2354095
1520121 1464215
1521554 10499059
1522308 6920975
1522332 10499066
1522461 1288162
1522476 1290488
1522620 12213036
1522645 6928046
1522675 4945480
1522778 1937239
1522803 6932656
1522980 4341037
1522996 4945957
1523008 7755236
1523354 538681
1523630 9488343
1523843 12211751
1524155 10499083
1524409 1334839
1524467 6923888
1524490 9285429
1524628 9372511
1524632 794854
1524753 2051056
1524816 11153830
1524830 17081391
1524849 4945643
1525259 9387798
1525318 17082690
1525361 12215672
1525406 2817943
1525635 17083393
1525720 17083435
1525910 4946574
1526334 2816140
1526401 928010
1526458 7751410
1526570 12212981
1526715 7760232
1527003 17686735
1527050 9490745
1527055 12190077
1527142 10499124
1527189 9385301
1527285 9490801
1527377 17085994
1527391 12207431
1527392 928534
1527563 628914
1527650 670842
1527705 637547
1527940 1415767
1527987 6923265
1527988 1415769
1528158 17053174
1528215 6941500
1528362 11154314
1528450 17751311
1528515 6926385
1528546 10499134
1528692 636061
1528788 2503322
1529081 9491849
1529328 6926332
1529387 6928495
1529829 9482989
1529957 7751571
1530042 3798662
1530324 2784893
1530331 2784896
1530332 9483033
1530648 7759872
1530653 9968804
1530729 7762993
1531043 9321245
1531060 9492683
1531115 9321248
1531409 9492764
1531505 6569716
1531598 1332492
1531609 6908917
1531689 602848
1531728 1881573
1531794 9402346
1532078 17060759
1532153 9493241
1532165 9375864
1532384 2842892
1532577 4628126
1532582 17061497
1532644 6939470
1532774 6940441
1533143 2811686
1533299 2811690
1533357 1057293
1533429 1009840
1533522 9373088
1533884 6928748
1533936 1891487
1534008 9402884
1534033 7747814
1534070 4896257
1534096 3904532
1534239 6570176
1534306 12210705
1534415 583021
1534768 9321637
1534931 1106972
1535038 1188852
1535116 973170
1535401 9321742
1535669 12664111
1535773 17069706
1535786 12523886
1535922 9385906
1535986 6901618
1536507 9496093
1536527 1338097
1536827 4457175
1537021 263178
1537050 263103
1537194 1918752
1537275 7742445
1537305 6570639
1537479 9321990
1537700 13218197
1537709 13210889
1537740 9390251
1537756 9283117
1537787 13202360
1537950 7753282
1538324 9497673
1538515 6920901
1538659 614476
1538823 1496033
1538972 472577
1538983 655698
1539484 2500548
1539487 2486416
1539563 2500519
1539628 2500511
1539629 1156561
1539644 7769776
1539645 9373582
1539963 17718147
1539965 17645399
1540274 17748069
1540384 4469309
1540920 1844356
1541200 2758791
1541221 1322509
1541248 17701297
1541294 1727042
1541334 2057399
1541398 2800629
1541477 9322397
1541651 1281994
1541728 317074
1541772 7749715
1542025 17084870
1542275 188285
1542676 4870439
1542766 9480277
1543117 9371408
1543140 17086869
1543217 10872722
1543341 7757357
1543476 7750871
1543505 9478671
1543778 9371369
1543860 9480081
1543878 17086029
1544045 9322498
1544173 884924
1544307 744893
1544462 4708797
1544484 9355246
1544558 10499309
1544592 592698
1544663 341160
1544756 1754414
1544851 9347176
1544881 4710152
1544888 9348210
1545197 9356167
1545396 4709544
1545535 636803
1546335 2457572
1546459 16892477
1546620 7770491
1546708 16892196
4056494 6457816
4056757 2092204
4056987 4438950
4057027 2294309
4057036 6919532
4057329 521036
4057685 429369
4058056 238872
4058174 910046
4058209 186237
4058439 2305955
4058511 3094157
4058542 6927607
4058606 1890366
4058737 1771874
4058754 388597
4058850 4360123
4058865 4716132
4058987 2438074
4059228 425267
4059242 195397
4059365 1206920
4059522 7748388
4059741 7449538
4059882 2104142
4060147 3757092
4060633 833622
4060635 1326141
4061065 2394894
4061072 6906846
4061164 3761787
4061189 267806
4061286 2451374
4061523 1543731
4061535 2666970
4061577 6907313
4061598 4574699
4061607 330121
4062252 2180138
4062417 1727668
4062511 4299797
4062579 6920068
4062684 847000
4062878 2125215
4062881 1381674
4062940 2157528
4063164 1322089
4063278 1578656
4063280 1935423
4063467 1158811
4063553 7752338
4063732 2495244
4063841 544398
4064042 6909956
4064076 7749074
4064121 2782385
4064561 1586598
4064666 6453767
4064718 4618489
4064859 1984728
4064881 2167460
4064984 2015242
4065167 2816372
4065664 1812254
4065782 1496967
4065805 522202
4066050 6911710
4066051 4506054
4066311 4415148
4066370 4388292
4066464 4383780
4066740 961918
4066741 7742131
4066821 1546898
4066860 1346298
4066969 280313
4067035 213788
4067354 1342615
4067553 593310
4067821 777574
4067849 1445277
4067880 3127428
4067938 3012363
4067967 1021543
4067983 7769343
4067999 612400
4068005 4895642
4068123 1281952
4068175 3127177
4068213 2056907
4068223 4709623
4068297 2849510
4068479 3935973
4068722 697054
4069051 2744175
4069225 7743862
4069323 271850
4069367 2503765
4069420 6936790
4069592 643975
4069595 187809
4069633 4392757
4069695 7747918
4069913 2015102
4070106 4072698
4070432 804192
4070435 706907
4070534 512077
4070793 1415699
4070916 1652507
4071024 1027483
4071151 4897437
4071607 6901968
4071702 1355393
4071851 6909829
4071975 2136932
4072173 7747443
4072240 6905508
4072388 2095019
4072406 7382429
4072413 4130853
4072515 7763223
4072554 2807896
4072586 1140366
4072649 874481
4072827 6909925
4072988 781758
4073053 2023048
4075476 294888
4075477 569882
4075509 1408708
4075522 3778396
4076218 150111
4076608 4709177
4225968 6941583
4226976 1405847
4231526 7742805
4233005 1454721
4233826 2932987
4237558 166716
4237707 1330118
4237937 1397686
4240251 506398
4240497 3798172
4241664 1047033
4241666 1356998
4243184 4623233
4252650 1577925
4252679 653982
4253465 214437
4253978 890560
4254512 1761939
4255561 2076188
4255765 6458544
4258028 805292
4261772 2167984
4263784 3094050
4264316 6923592
4264324 893235
4267090 915668
4268605 2117154
4270433 4245530
4270446 4896385
4272268 7767262
4272404 2815020
4273923 926401
4273938 2797676
4275735 332607
4277572 4896488
4279252 4002794
4281314 389546
4282918 2473977
4283148 7747563
4294825 7757213
4296566 6935239
4296665 3129046
4297673 4367413
4297754 998095
4297783 1970346
4298122 4413658
4298188 4280968
4298383 2235216
4298621 942734
4298654 6919939
4298983 2074482
4299004 1475114
4299018 847747
4299069 7774131
4299603 283552
4299715 4510645
4300080 2093395
4300234 4524579
4301491 2924667
4302895 6455790
4303346 2803046
4319395 2504089
4323133 793715
4323724 4236093
4325200 7745628
4325871 1080085
4327091 1743457
4328629 1760655
4353267 179989
4353579 7753825
4353946 4235819
4354103 969645
4354328 3134708
4354752 3934779
4355528 2284165
4355747 7748142
4355775 4373339
4355780 7739926
4356164 6931265
4356174 259678
4356265 4371861
4356448 240874
4356617 532347
4357014 6908539
4357028 4367404
4357375 4959782
4357912 7452602
4358049 948521
4358288 484504
4358416 943475
4358534 2150820
4358692 1496031
4375860 8192646
4382836 7746024
4385751 2179095
4392833 2791819
4396378 3761997
4396970 3130287
4403525 4072064
4408707 4398735
4409979 4495293
4410840 4443499
4414501 4645429
4418835 4709863
4419290 4714883
4419307 4715352
4425035 4946016
4425395 4897531
4434015 6455689
4439436 6596866
4439891 6569342
4446953 6939896
4448554 6902225
4448574 6902813
4449006 6909531
4449472 6917182
4449950 6924957
4450181 6928585
4450406 6932005
4450411 6932244
4450493 6935203
4467068 7743161
4467069 7743165
4467241 7744905
4467461 7747748
4467943 7754521
4467968 7755333
4468208 7758475
4468214 7758611
4468244 7759507
4468493 7763482
4468668 7765033
4468945 7770144
4481105 4960092
4481396 1886821
4481854 6925312
4481893 4710538
4482084 767097
4482099 6570947
4482115 2803047
4482542 7740601
4482733 1982291
4482772 1891149
4482828 212785
4484125 4716071
4484126 4710950
4496909 1723499
4498252 4073926
4499019 805267
4502827 4546494
4504972 1790001
4505856 1414773
4514388 2846536
4514390 2803045
4514826 2876086
4514829 2684264
4515020 617739
4515029 3016557
4515501 445957
4516496 2295257
4516692 943084
4516933 3094584
4517146 1724763
4517203 1778297
4525087 2213580
4528391 1494160
4536264 2294809
4536937 2157527
4537157 236256
4538167 1002925
4553440 4382260
4553864 6938191
4553927 2246529
4554213 6902688
4554500 2143452
4554572 4476862
4554842 197458
4554864 6919722
4554895 4714516
4555020 6917282
4555108 6917654
4555500 6922700
4555527 2491203
4555602 7745887
4555625 4960428
4555718 6570112
4555736 7740096
4555783 4716200
4555800 1285004
4555930 2473092
4555972 4348334
4556118 6459659
4556492 4590233
4556548 2273973
4556739 4707083
4556755 2518296
4582426 7752610
4584549 6933508
4588167 2340910
4589867 1935531
4589900 4598087
4592081 6903025
4592224 7761112
4593655 1564904
4593931 6455280
4596239 6908944
4596326 7742151
4596544 620746
4596975 954818
4605546 2474915
4605765 7761904
4606170 2143795
4606403 1367665
4606479 4594923
4606694 4240564
4614265 6929357
4614286 3936080
4614346 2465868
4614347 1247316
4614948 378933
4615762 1555040
4616184 4711247
4616570 199618
4616582 1321550
4616749 1907149
4616785 997648
4617018 1884185
4617459 6931534
4628517 4457165
4632290 4708818
4635723 6936195
4641940 2489945
4641983 2146031
4642027 1790019
4642424 2782552
4643363 2142952
4643610 1876372
4643848 4546534
4644010 6913100
4644902 6456063
4644954 682518
4644966 4642510
4655246 643630
4663123 774568
4663391 794100
4667669 6922340
4667677 6924816
4671595 4714828
4772583 9370418
4772995 2273110
5019349 6901703
5021777 7775073
5023139 617365
5023688 270666
5024963 225632
5025518 474533
5027725 231955
5029144 236395
5029322 332630
5029496 433778
5029888 583807
5031101 536598
5039300 556495
5039453 654694
5039650 29240
5041133 213823
5041139 213861
5041222 215920
5045014 787765
5050155 1620969
5052269 806846
5054104 868855
5058263 1322872
5058346 1324574
5058537 1407496
5068518 1009606
5071222 1510295
5071452 1603657
5071545 1606213
5077742 2038292
5077885 2086408
5078223 2224595
5080599 2485116
5085857 2396884
5085952 2444791
5086990 2104522
5087151 2152010
5091137 2355199
5110997 3812139
5112892 3905219
5114359 3121432
5117425 2803101
5118484 2502498
5119742 3130955
5122264 2561430
5123523 3778224
5123665 3846885
5125657 4145200
5130564 3099844
5130676 3734248
5139870 4895774
5139916 4896905
5141677 4897448
5141999 4997730
5145939 4323318
5146073 4386846
5156931 4346852
5165514 2126237
5178185 6455313
5181810 6459030
5194320 6911755
5194512 6942317
5198045 6915521
5199913 6917645
5199927 6917857
5201730 6919131
5201799 6920153
5203628 6921316
5209186 6926322
5212996 6931438
5216662 6933991
5223428 7760006
5234660 7742637
5236504 7743947
5240394 7776230
5245913 7753276
5249966 438259
5251415 9294342
5251446 9295024
5251649 9365399
5251753 9393479
5253270 9295843
5253278 9295878
5253392 9328512
5253541 9367160
5253688 9396425
5253820 9447089
5255580 9398272
5257293 9370673
5257546 9450833
5259009 9342838
5259127 9371947
5259142 9372110
5259356 9451779
5261117 9402385
5262557 9261013
5262802 9347407
5264634 9348699
5264701 9376923
5264729 9377153
5264741 9377344
5266584 9379178
5266588 9379245
5268368 9352880
5268469 9381307
5270284 9382497
5274050 9386476
5275792 9359454
5280088 9498995
5285730 9504911
5298735 9458611
5300750 9490983
5302184 9942542
5302517 9462325
5306281 9465871
5322791 10806605
5322798 10806671
5322815 10806834
5358318 10945607
5358338 10945874
5360140 10947058
5360221 10948245
5368477 11154797
5381443 11759691
5390098 11510517
5404923 12215077
5414410 12198605
5429806 12210097
5442876 12524886
5442979 12526063
5446769 12527929
5460799 12662678
5484466 13216911
5492244 1554721
5494057 1614309
5499358 676298
5512316 735692
5514315 682365
5517523 220701
5517838 640055
5518151 1611350
5519312 393271
5520122 1535359
5523133 3946063
5524502 2756368
5532624 4706827
5533744 2502618
5536203 4587207
5540383 1892253
5544331 2884078
5545138 4379306
5551131 7763481
5556844 7764009
5564290 7765594
5575748 6454976
5575755 6455635
5582281 9261850
5585744 9370134
5589686 9258205
5591339 9320991
5593173 9384506
5595397 9477555
5599085 9358636
5606340 9349779
5608031 9382713
5608095 9460984
5610281 9494720
5610295 9495423
5615897 10943290
5625076 10900947
5630860 10945327
5637467 10447366
5638297 10945806
5638304 10945921
5638315 10946439
5676981 201315
5689493 13220074
5693825 234932
5706076 559768
5707566 523962
5707824 574165
5708269 845652
5708566 1205032
5709587 619175
5709653 662554
5710545 1341200
5717602 1237875
5719777 473078
5722446 875772
5724385 912699
5728020 1269052
5729029 687088
5736276 1881825
5747302 1738969
5749281 1746444
5752487 1883595
5757548 1495984
5758153 1889436
5758296 1923587
5761845 2774511
5762289 3789790
5762306 3806108
5767166 2819071
5767871 2912617
5770037 3943166
5776002 2503976
5783354 2504567
5784249 3117330
5785595 2759378
5785733 2690121
5785817 2817084
5786391 4323319
5801908 4708589
5809893 4896572
5809894 4896633
5809895 4896637
5819501 6902852
5827021 6915885
5841619 6902401
5846920 6906608
5846945 6909151
5860818 6920770
5860878 6922097
5870312 6933579
5878269 7743076
5880103 7763627
5881883 7761690
5883690 7770081
5886886 9267673
5889418 7751882
5891134 7739799
5907952 9364534
5908353 9498131
5909789 9393425
5915355 9351337
5917182 9390914
5917268 9394169
5920726 9399360
5922955 9375813
5924557 9357512
5924620 9360509
5926459 9399876
5926905 9454128
5927092 9478370
5928538 9352956
5929626 9637973
5930442 9386393
5932078 9379118
5932964 9462173
5934666 9460208
5934808 9483244
5968590 11154726
5968597 11154896
5968665 11156354
5987945 10947821
5988637 11153778
5989402 10807238
5997352 11754096
6017825 11243065
6049126 12192540
6051339 12214769
6060832 12529198
6121533 9362052
6130082 2493835
6136714 231966
6136866 1204132
6138352 9371995
6142623 2815122
6144338 1157356
6144450 3135393
6158479 9453014
6158828 2294185
6160715 10806805
6171663 6913136
6180674 201017
6183167 2151068
6183493 1015077
6190062 558044
6190271 1573298
6191275 1681947
6198514 1676873
6200454 240899
6201042 1324523
6203175 2784730
6203834 10948011
6207658 487669
6213109 4945826
6214469 2237224
6218888 4839775
6220111 2459596
6220602 4272235
6222152 3918474
6226664 6919856
6229086 2295040
6229804 4373367
6231677 4709707
6231681 4710153
6235007 3800122
6236646 2817778
6238669 9493932
6244390 9295657
6244413 9296791
6244545 9477112
6247933 9381975
6255581 9470983
6264880 9397105
6268720 11964365
6312745 681515
6313001 1764044
6316690 855384
6319500 7765474
6322106 707846
6323955 1581800
6326528 2981956
6331778 9295471
6334320 7753711
6334751 12204529
6335417 9404483
6339267 2143461
6339849 9400760
6344037 9355521
6345453 9385796
6351333 11155628
6356405 12527078
6360637 1384536
6362021 9405550
6363297 2816106
6369874 362840
6370820 9968975
6374785 9372683
6383315 3129872
6384090 9398226
6385102 3908470
6391070 9463222
6391988 600996
6401268 1204336
6415703 13214455
6416347 10456018
6417376 9396092
6420618 6927141
6421551 2327589
6427955 4140584
6437540 9351248
6441415 10945969
6443633 2295270
6443905 13197087
6448562 3798398
6452393 4391271
6453473 9397567
6459271 2038562
6462763 9401746
6467924 9352769
6467926 9353581
6468611 211218
6469121 4706115
6475417 9482769
6479625 9343931
6483101 483847
6487115 9365546
6487610 10900946
6499431 12661290
6511695 9469615
6515093 9344378
6515229 9463274
6519702 2518203
6520436 10944451
6524429 9366457
6524509 9347625
6525936 9297083
6529356 4257862
6535063 3006173
6541004 6928845
6548463 6935023
6571889 9352371
6584155 9341366
6584164 9344861
6584296 9375505
6589838 9480303
6593657 9386508
6593662 9388150
6606952 11243111
6609431 9491153
6611035 494801
6613043 1291401
6620316 3024347
6624052 7759939
6626229 7754145
6635642 9497937
6639578 2152826
6641387 7767107
6642618 2609302
6652310 12663131
6654820 9390569
6655692 2294770
6661713 1206088
6664219 2243390
6667309 12192713
6667861 2817431
6673821 6935051
6677578 1413522
6682192 9387585
6684355 9476557
6687841 10948779
6689281 1417502
6701039 563084
6701506 9394727
6712637 9328413
6713512 9366621
6716601 462560
6721306 509859
6727268 240388
6730369 482005
6733278 9375373
6739943 386362
6742241 565450
6742620 1226545
6745258 1294420
6751499 1334673
6753240 367213
6753746 869849
6757010 1550035
6758645 362844
6766259 1952975
6766984 1343491
6768465 2268445
6769914 2327335
6773680 1973900
6776353 1970547
6782317 1931763
6787636 4357169
6790661 4707550
6809628 4349818
6815980 4376345
6829991 4710403
6831126 6915832
6839473 6912834
6839497 2759379
6845062 6940980
6846453 6937891
6851629 6568497
6853040 6570454
6856722 7739137
6858670 6926943
6858727 6928002
6863777 7763923
6864839 6907666
6865733 7749079
6867631 6905596
6871246 7742837
6877826 7754964
6881457 9341452
6881648 9402749
6884577 9340817
6885102 7750105
6889800 9446461
6891896 9394299
6891905 9394524
6892542 9377831
6893972 9392500
6895785 9458698
6897192 9459580
6898622 9490287
6900240 9381511
6900265 9381936
6903716 9504449
6909298 9499316
6909311 9499580
6921217 10807627
6937457 9492931
6944518 11751776
6948665 11154557
6972012 11759524
6992917 12204242
7034497 1408260
7053201 415897
7054599 451287
7057803 1933260
7062129 4141423
7063270 2223802
7070288 2623960
7073748 4254983
7079146 6454882
7080094 6459297
7082530 6911000
7088016 3800385
7106922 9352272
7107000 9357427
7113900 9384368
7115795 9321804
7115915 9459929
7117739 9490571
7118060 9346954
7121895 9369170
7122052 9505573
7124194 9384510
7125236 10456496
7131524 10945280
7132982 11154995
7157379 11759474
7164181 237035
7178071 679469
7178878 416852
7179638 927297
7180312 499019
7187118 731033
7188214 550050
7193834 571296
7197305 1414283
7198132 2352603
7206389 1764045
7206820 645872
7210484 1674043
7212134 2307325
7217331 2781645
7217461 3827644
7218591 2523408
7220305 4236162
7221858 2476846
7222580 2483767
7225879 2503823
7227290 2640853
7231724 3024346
7232950 3094629
7234227 2816364
7238739 2504978
7242842 4946889
7248243 4896494
7248248 4896653
7254375 2502279
7255090 4870412
7259161 4714632
7259165 4714739
7259834 2472866
7261024 6927534
7264145 6915395
7265061 6916490
7265253 6939862
7269547 6458788
7282679 6913694
7295510 7755846
7306922 7752195
7328407 4706205
7344082 10949499
7345046 10945033
7349649 10943737
7349684 10945478
7353854 9296401
7354315 7773973
7355383 9454849
7355409 9455397
7355420 1101834
7360413 7742720
7362310 9393296
7362446 9471366
7365629 9294631
7366537 9374283
7367980 9462573
7369802 9380622
7369846 9344363
7369907 9375562
7373986 9351578
7378797 12662190
7405186 6454206
7406191 1699001
7410761 9368920
7410911 9482960
7422156 9384978
7436531 12176359
7462107 11961074
7464243 11756275
7470039 9355980
7472785 9368060
7478359 9360234
7478928 9343480
7483000 9387019
7483001 9387034
7483041 9368606
7484445 9371552
7485640 9791224
7489986 9295642
7493914 9443412
7500269 9368576
7501941 10947432
7504560 4711772
7511110 7758978
7511215 3127572
7514114 6912630
7530666 6454240
7548717 9356529
7548746 9402968
7550660 9396472
7550669 9397143
7552429 9484186
7554229 9373682
7559159 9367641
7563684 1744498
7565370 9394680
7565371 9377619
7567513 9399516
7582676 201330
7591400 9295227
7592568 6453605
7592848 6415050
7596168 9346301
7599810 6926213
7600227 2501652
7600804 630033
7606647 9296962
7607852 4713525
7608185 9394550
7609354 9495101
7616739 2882406
7616881 9354896
7616883 9355439
7624128 9352376
7626568 9458023
7627411 7744348
7629123 2753161
7632668 6916952
7635650 9464097
7639846 9354665
7641713 4415156
7642911 756147
7645626 1232314
7654322 536252
7663773 10807611
7667456 1708557
7668600 9504443
7669487 516361
7676749 7761326
7676766 9405444
7679447 9356147
7682052 4435916
7683356 4394275
7683810 2328901
7693926 9393424
7693937 9496699
7694988 2348778
7695672 1413512
7703986 10947260
7715209 1929639
7724241 9320970
7731524 236375
7733491 2274394
7738339 7356818
7738603 4632856
7739562 1157157
7744365 12665590
7746121 9399532
7750525 199067
7755327 9458255
7768571 13199398
7772083 1482443
7788179 2268663
7796158 9470247
7807439 1418300
7809557 9361884
7816706 437506
7818018 2397225
7822712 11243270
7826965 236445
7827562 7774691
7829976 9349816
7830173 12665520
7831164 984519
7834464 2516478
7835324 1321097
7837196 9358945
7837197 9359580
7844367 12214552
7846621 7752758
7846856 11153343
7847709 3905237
7858563 2744601
7863296 12195233
7866424 7747551
7874493 6912295
7875629 2504623
7882154 7746360
7883330 2753181
7889311 9498111
7899385 11154713
7900669 7763881
7904726 6458330
7907141 1633063
7910579 9392423
7919240 9381463
7931549 6922165
7933161 9384257
7946681 6913825
7947091 9477116
7948734 10944301
7953041 1535353
7957058 1412269
7959614 12197810
7960358 1361685
7964480 2983521
7969493 208866
7971965 10457558
7980110 7740607
7985620 7759775
7987062 7745725
7991454 9458172
7992378 7453639
8000533 7749983
8000941 6908473
8005375 12189728
8007261 12201440
8008879 217303
8010093 159044
8012919 6916321
8016390 944579
8017514 230253
8029516 12191798
8049068 9501848
8052057 10943632
8064222 397178
8068671 4142620
8068787 6935663
8082772 9487199
8085359 9471309
8089497 9391900
8091063 6907335
8091845 1225715
8094429 1040942
8123186 6912908
8125583 4434478
8126898 4895441
8128120 4896632
8129111 362842
8129420 4499923
8137668 7755548
8139419 3902449
8144447 1334342
8149401 9367355
8150164 11153008
8156637 10946676
8162568 9386257
8175281 11243085
8189171 4870534
8194577 6569867
8196282 9388164
8198724 7765885
8202610 7740378
8205135 7774273
8205531 990500
8219623 13213305
8233204 6923765
8235052 12203130
8242729 12194513
8245903 9479942
8247308 9470144
8248017 1678728
8256096 9442956
8259583 9397922
8262184 6569547
8263080 11156377
8279615 1321606
8280230 9365122
8281418 928027
8290159 761373
8291343 2396819
8291534 6899874
8292298 239837
8296979 1150841
8298999 210913
8301598 3132718
8307648 1511478
8310782 3135196
8311729 1934898
8312375 1011596
8312447 1698991
8313181 850191
8313762 3121430
8316520 651997
9632808 241001
9633600 746593
9634131 2207000
9637013 7739373
9637888 157686
9638500 1552633
9639289 1537340
9639395 3757167
9640387 3799262
9642122 220385
9643635 971152
9644470 3813331
9646070 156061
9648271 3798751
9650821 1457952
9651596 1414808
9652811 1883653
9653672 3818132
9656748 797555
9657551 2269554
10893516 9347875
10894280 1980531
10894366 4947058
10894781 9357271
10894886 7766573
10894920 6926466
10894983 2243389
10895009 6912988
10895098 676389
10895144 7738340
10895327 9391023
10895351 12529871
10895775 9455481
10896010 626068
10896237 2716081
10896425 424717
10896475 9492005
10896550 728017
10896695 9400016
10896947 2153824
10897008 9295581
10897496 283091
10897759 6941971
10897814 283208
10898021 1883447
10898065 195484
10898183 9500256
10898205 2753143
10898488 9351396
10898899 9384677
10899031 4713784
10899096 1161397
10899162 9495078
10899164 9362079
10899774 9388339
10899794 9484474
10899907 2117966
10899953 2804921
10899989 270311
10900009 9348058
10900171 9364847
10900210 546119
10900317 9388349
10900723 9362923
10900956 11757581
10901053 9373174
10901219 553519
10901394 761625
10902433 9380989
10902599 4546453
10903123 9348953
10903312 7452300
10904520 9351837
10905340 1224760
10905529 12529525
10905848 2807899
10906006 9498110
10906830 9397906
10907127 6928665
10907179 9371410
10907231 4706060
10907432 7741799
10907502 9446997
10907569 9346273
10907968 1880090
10908032 9350228
10908137 1723527
10908181 174372
10908280 7765437
10908480 13204439
10908552 6915695
10908823 1768360
10908885 1157218
10909084 396666
10909193 7754923
10909267 980959
10909334 214066
10909386 3799924
10909451 684623
10909512 2107191
10909949 9294436
10909999 7738750
10910130 2894889
10910243 9376578
10910595 6453614
10910629 149946
10911254 927451
10911355 1324087
10911496 9387978
10911519 1404484
10911999 6458477
10912050 213241
10912149 4458728
10912155 486060
10912289 12210293
10912502 9403983
10912519 9390170
10913013 9473472
10913048 798395
10913272 1454715
10913835 1933500
10914201 6571078
10914522 9503236
10914610 6936332
10915351 11155188
10915370 12660608
10915552 9364293
10915644 2248
10915645 9450130
10915876 205986
10916226 2357128
10916450 2636122
10916710 9487321
10916743 4435931
10917012 1408575
10917536 9384348
10917556 4519980
10917861 9381023
10917909 1107523
10917961 9355384
10918192 13209689
10918262 650555
10918274 1407514
10918612 9321388
10918797 2235276
10918913 2452955
10919092 9390148
10919108 12195016
10919470 9364646
10919603 7766023
10920047 11757207
10920181 6912824
10920328 9393337
10920397 9400661
10920736 3021287
10920747 9320836
10921040 1437288
10921107 12207706
10921242 2019943
10921664 9359515
10921811 9365166
10922042 7765852
10922192 2619514
10922254 9400317
10922551 12662237
10922722 638255
10922963 4132510
10923043 10947580
10923670 9257144
10923704 209187
10923895 6911517
10924024 13437130
10924210 9447104
10924289 9370066
10924310 9497801
10924454 9376871
10925250 9373833
10925323 1931020
10925537 9341356
10925562 9356011
10925658 7764342
10925721 791194
10926121 9343156
10926187 7776384
10926823 6906897
10926867 9401956
10926999 9446521
10927082 6932200
10927210 9385403
10927489 734597
10927773 913308
10928434 851023
10928833 2638546
10928972 9355870
10929264 6911312
10929549 9357723
12300002 2327936
12300039 1322093
12300810 4839825
12302083 2849527
12302084 9377508
12302755 761832
12302756 717208
