254119 7739767
254594 9296475
254838 7770151
255158 10484248
255750 2806371
255792 1268055
256406 2070699
256846 17556190
257341 9396715
257484 2072768
258330 17696583
266735 2282827
275699 2294231
277582 7776346
280620 7765392
286796 2342642
304714 6921590
305494 17387507
316352 3799305
327256 1738188
333939 9354973
343333 2076704
348883 6454338
349037 17059678
1055630 1190280
1477002 7774034
1507524 9449500
1530042 3798662
4425395 4897531
4499019 805267
4555602 7745887
6468611 211218
7231724 3024346
7724241 9320970
7829976 9349816
8029516 12191798
